0.558728 0.0000000 0.0000000 0.0000000 -0.0000000 -0.0000000 -0.0000000 1.0000000
8.727902 -0.0008115 -0.0125284 -0.0006306 -0.0037392 -0.0240074 0.0089177 0.9996650
8.928772 -0.0029240 -0.0504463 -0.0016829 -0.0044485 -0.0724934 0.0053995 0.9973444
9.029217 -0.0039816 -0.0704393 -0.0020687 -0.0018389 -0.0992006 0.0055027 0.9950505
9.230122 -0.0053322 -0.1019293 -0.0028988 0.0006754 -0.1519175 0.0070249 0.9883680
9.397562 -0.0071566 -0.1212492 -0.0036095 0.0011277 -0.1954033 0.0086407 0.9806843
9.564482 -0.0084569 -0.1350691 -0.0048535 0.0000234 -0.2382318 0.0093552 0.9711633
9.631198 -0.0085496 -0.1393863 -0.0054080 -0.0000635 -0.2543923 0.0106249 0.9670427
9.764493 -0.0091373 -0.1453742 -0.0061587 -0.0002790 -0.2745962 0.0122098 0.9614821
10.730591 -0.0052016 -0.2062384 -0.0147933 -0.0037531 -0.5182533 0.0099431 0.8551612
10.997138 -0.0025508 -0.2163294 -0.0183382 -0.0074040 -0.5836566 0.0118229 0.8118808
11.530170 0.0028546 -0.2268046 -0.0183277 -0.0058938 -0.6846474 0.0062160 0.7288241
11.930853 0.0021155 -0.2303599 -0.0172032 -0.0005589 -0.7476156 0.0064506 0.6641003
13.033162 0.0066096 -0.2357341 -0.0188634 -0.0002464 -0.9076135 -0.0001418 0.4198069
13.233192 0.0070582 -0.2366256 -0.0195867 -0.0002560 -0.9241264 -0.0018022 0.3820824
16.400347 -0.0033554 -0.2091836 -0.0382184 -0.0088817 -0.9998305 0.0159109 0.0026446
17.567819 0.0037641 -0.2112706 -0.0393485 0.0111973 0.9974850 -0.0173094 0.0678133
17.667894 0.0033271 -0.2111460 -0.0392407 0.0115977 0.9969499 -0.0174725 0.0751737
17.767935 0.0033839 -0.2111669 -0.0391943 0.0095633 0.9963194 -0.0184206 0.0831683
18.568244 0.0050929 -0.2118553 -0.0369100 0.0050867 0.9831277 -0.0156467 0.1821792
20.102430 0.0122733 -0.2259066 -0.0260281 0.0330467 0.9188557 -0.0790608 0.3851774
20.202453 0.0095245 -0.2183734 -0.0233502 0.0285863 0.9154832 -0.0743977 0.3943835
20.869251 -0.0374494 -0.1783117 0.0240418 0.0092377 0.9059898 -0.0155262 0.4229139
20.935930 -0.0420860 -0.1767045 0.0307357 0.0101190 0.9032084 -0.0106049 0.4289518
21.002608 -0.0472407 -0.1737430 0.0376008 0.0097137 0.8989311 -0.0099467 0.4378693
21.135962 -0.0568371 -0.1694897 0.0521342 0.0116460 0.8853658 -0.0088838 0.4646641
21.335990 -0.0727246 -0.1646225 0.0741675 0.0104645 0.8481436 -0.0084259 0.5295960
21.536011 -0.0897338 -0.1624352 0.0969140 0.0028890 0.7951413 -0.0066235 0.6063812
21.736039 -0.1078714 -0.1614770 0.1198867 0.0012698 0.7374719 -0.0014630 0.6753750
21.969417 -0.1297680 -0.1614662 0.1459065 -0.0077066 0.6672896 0.0012833 0.7447574
22.136111 -0.1453835 -0.1611408 0.1639364 -0.0129310 0.6185519 0.0033188 0.7856305
22.369477 -0.1667506 -0.1601806 0.1885211 -0.0160242 0.5609279 0.0205810 0.8274537
22.536162 -0.1798010 -0.1597482 0.2045396 -0.0100351 0.5282522 0.0390339 0.8481305
22.802883 -0.1941728 -0.1595764 0.2257525 -0.0001713 0.4827059 0.0520999 0.8742314
23.002939 -0.1983563 -0.1590423 0.2365325 0.0066231 0.4478934 0.0485792 0.8927417
23.269675 -0.1973572 -0.1595033 0.2439189 0.0121096 0.4040682 0.0360989 0.9139361
23.936523 -0.1775747 -0.1565017 0.2388687 0.0113266 0.3290944 -0.0048330 0.9442168
24.336645 -0.1719067 -0.1545340 0.2313926 0.0038998 0.2888958 -0.0145360 0.9572423
24.737166 -0.1769555 -0.1539014 0.2264404 -0.0015500 0.2181478 -0.0084849 0.9758776
24.938639 -0.1816162 -0.1540650 0.2254910 -0.0025085 0.1815780 -0.0022706 0.9833708
26.178129 -0.1969797 -0.1553194 0.2271173 -0.0019881 0.1380674 0.0045779 0.9904103
26.878372 -0.1960361 -0.1550332 0.2294477 -0.0018747 0.0641520 0.0035166 0.9979322
27.111788 -0.1956444 -0.1544104 0.2298658 -0.0030036 0.0246533 0.0032441 0.9996863
27.911997 -0.1956189 -0.1535586 0.2305648 -0.0040103 -0.1318010 -0.0005259 0.9912680
29.012094 -0.1971378 -0.1518794 0.2268828 -0.0072058 -0.3327360 -0.0017132 0.9429910
29.512143 -0.2011582 -0.1541988 0.2252010 -0.0038827 -0.4287938 0.0048012 0.9033813
29.878854 -0.2039604 -0.1556458 0.2247495 -0.0017772 -0.5140886 0.0050086 0.8577207
30.412258 -0.1826982 -0.1969910 0.2263637 0.0296124 -0.6533954 0.0446309 0.7551197
30.812323 -0.1360418 -0.2171344 0.2325183 0.0152753 -0.7247244 0.0181555 0.6886302
31.545874 -0.0371115 -0.2317257 0.2436903 0.0088206 -0.7512222 0.0091502 0.6599271
32.012684 0.0248784 -0.2348436 0.2430801 0.0051777 -0.7643287 0.0147430 0.6446375
32.479487 0.0853539 -0.2375963 0.2413431 0.0017901 -0.7815576 0.0144734 0.6236627
32.846241 0.1325129 -0.2391046 0.2388046 0.0024018 -0.7940221 0.0144290 0.6077128
33.179632 0.1753739 -0.2395319 0.2365143 0.0007754 -0.8218436 0.0134195 0.5695547
33.479670 0.2148464 -0.2392267 0.2336153 0.0024765 -0.8568422 0.0160779 0.5153221
33.779716 0.2521000 -0.2390473 0.2322419 0.0027891 -0.8835232 0.0192024 0.4679854
34.146485 0.2966743 -0.2402155 0.2335778 0.0076584 -0.8990493 0.0120260 0.4376153
34.446557 0.3338673 -0.2406711 0.2346344 0.0067179 -0.9214906 0.0141875 0.3880834
34.713282 0.3668675 -0.2380341 0.2350908 0.0087622 -0.9458476 0.0089510 0.3243692
35.013398 0.4043936 -0.2369458 0.2368290 0.0091633 -0.9660470 0.0091241 0.2580425
35.313509 0.4428236 -0.2365189 0.2401107 0.0080777 -0.9820660 0.0060959 0.1882659
35.446890 0.4595429 -0.2363192 0.2416627 0.0105480 -0.9872796 0.0064684 0.1585117
35.713648 0.4937820 -0.2363717 0.2454719 0.0109989 -0.9945991 0.0046749 0.1031014
35.913688 0.5193380 -0.2364950 0.2484848 0.0118011 -0.9979981 0.0015551 0.0621145
36.080383 0.5401340 -0.2367051 0.2517263 0.0128132 -0.9995260 -0.0006338 0.0279881
36.147060 0.5482722 -0.2362801 0.2529231 0.0126984 -0.9998151 -0.0014167 0.0143691
36.213737 0.5564283 -0.2361795 0.2542164 0.0119147 -0.9999216 -0.0038062 0.0005350
36.280413 0.5648367 -0.2366310 0.2553012 -0.0127986 0.9998282 0.0040303 0.0127938
36.380426 0.5770817 -0.2373795 0.2568293 -0.0132497 0.9993032 0.0051958 0.0345045
36.547112 0.5980967 -0.2377578 0.2595267 -0.0131714 0.9970189 0.0102497 0.0753306
36.813826 0.6317836 -0.2398108 0.2633517 -0.0041988 0.9877636 0.0126576 0.1553875
37.047220 0.6591048 -0.2412018 0.2660636 0.0209298 0.9759496 0.0142678 0.2165194
37.180586 0.6722158 -0.2414721 0.2666209 0.0321440 0.9688135 0.0120255 0.2454027
37.347290 0.6850733 -0.2412869 0.2663799 0.0379976 0.9601927 0.0076367 0.2766366
37.513990 0.6930489 -0.2407143 0.2648591 0.0346187 0.9519374 0.0016809 0.3043251
37.647348 0.6966658 -0.2403803 0.2630788 0.0300359 0.9453458 0.0016553 0.3246790
37.780707 0.6985226 -0.2393472 0.2607311 0.0267407 0.9389843 -0.0036220 0.3428999
39.080893 0.6729988 -0.2304064 0.2545023 -0.0124189 0.8894223 0.0065555 0.4568706
39.547617 0.6734382 -0.2307134 0.2599393 -0.0075420 0.8764934 0.0123616 0.4811961
39.747646 0.6757308 -0.2312766 0.2611332 -0.0055562 0.8726517 0.0116879 0.4881716
40.523507 0.6676080 -0.2346467 0.2378532 0.0399456 0.8484833 0.0147511 0.5275061
40.726167 0.6546296 -0.2357261 0.2206398 0.0258691 0.8377248 0.0093216 0.5454000
40.860368 0.6449057 -0.2355143 0.2078592 0.0184437 0.8280519 0.0078695 0.5602927
40.927150 0.6398316 -0.2356084 0.2016855 0.0166465 0.8221087 0.0067991 0.5690466
41.127510 0.6241249 -0.2359350 0.1830117 0.0149117 0.8002437 0.0042851 0.5994741
41.294494 0.6106993 -0.2363412 0.1670539 0.0132129 0.7796351 0.0025817 0.6260894
41.461494 0.5964738 -0.2369287 0.1521828 0.0139624 0.7584511 0.0031018 0.6515730
41.661915 0.5790147 -0.2364162 0.1344088 0.0146384 0.7279274 0.0081925 0.6854490
41.862168 0.5618186 -0.2363305 0.1175957 0.0174411 0.6891240 0.0060724 0.7244080
42.095450 0.5408474 -0.2373601 0.0987701 0.0169650 0.6335118 0.0043678 0.7735347
42.328719 0.5203677 -0.2380918 0.0804604 0.0240922 0.5783752 0.0054187 0.8153971
42.595296 0.4950918 -0.2387470 0.0586756 0.0209140 0.5092829 0.0052753 0.8603288
42.895199 0.4653907 -0.2402406 0.0301644 0.0123347 0.4187257 0.0099755 0.9079742
43.161776 0.4383363 -0.2423863 0.0044994 0.0123255 0.3283921 0.0045944 0.9444499
43.361697 0.4182451 -0.2445673 -0.0158577 0.0111278 0.2536288 0.0022895 0.9672349
43.594925 0.3949629 -0.2478633 -0.0412899 0.0084392 0.1559037 0.0016450 0.9877349
43.828143 0.3723200 -0.2506265 -0.0690002 0.0034406 0.0642034 0.0011994 0.9979302
43.994725 0.3568300 -0.2515422 -0.0901033 -0.0020504 0.0222166 0.0004304 0.9997510
44.327860 0.3292144 -0.2484953 -0.1334634 -0.0180991 -0.0087572 -0.0136418 0.9997048
44.660962 0.2999918 -0.2448660 -0.1723547 -0.0489207 -0.0289910 -0.0138415 0.9982859
44.960794 0.2712666 -0.2417181 -0.1936827 -0.0617025 -0.0231806 0.0184369 0.9976550
48.559395 0.2574594 -0.2360982 -0.1883027 -0.0172561 -0.1384257 0.0112317 0.9901588
48.725956 0.2553003 -0.2370968 -0.1883535 -0.0156982 -0.1724739 0.0132426 0.9848000
49.725326 0.2533419 -0.2382104 -0.1833187 -0.0077501 -0.3783876 0.0078619 0.9255815
49.991864 0.2557816 -0.2343562 -0.1819985 -0.0424252 -0.3867314 -0.0133837 0.9211188
50.191769 0.2554318 -0.2185826 -0.1775994 -0.0786706 -0.3575649 -0.0339796 0.9299482
50.658169 0.2324154 -0.1915463 -0.1443138 -0.0319019 -0.2762382 -0.0155574 0.9604336
50.891367 0.2138141 -0.1813790 -0.1242689 -0.0225533 -0.2801357 -0.0139865 0.9595935
51.124575 0.1930683 -0.1733583 -0.1032985 -0.0187226 -0.2967576 -0.0144495 0.9546599
51.457699 0.1611319 -0.1663747 -0.0737495 -0.0157046 -0.3030437 -0.0051441 0.9528334
51.657556 0.1423263 -0.1642995 -0.0560851 -0.0115998 -0.2990785 -0.0072321 0.9541306
52.226077 0.0919508 -0.1599124 -0.0073409 -0.0146018 -0.2970063 -0.0106526 0.9547045
53.028755 0.0206620 -0.1565775 0.0541668 -0.0206889 -0.4125214 -0.0125231 0.9106269
53.195247 0.0048749 -0.1569244 0.0664961 -0.0171153 -0.4666295 -0.0189315 0.8840846
53.428314 -0.0194007 -0.1567890 0.0842521 -0.0144762 -0.5286075 -0.0097563 0.8486869
53.761209 -0.0562924 -0.1563001 0.1101255 -0.0139986 -0.5739389 0.0034285 0.8187713
54.260712 -0.1098450 -0.1562517 0.1522267 -0.0103216 -0.6241654 0.0013362 0.7812229
54.826705 -0.1656128 -0.1565340 0.1998340 0.0048912 -0.7216289 -0.0085520 0.6922101
55.293300 -0.2028570 -0.1571903 0.2268048 0.0455724 -0.8153299 -0.0037198 0.5771884
55.759835 -0.2130732 -0.1561769 0.2343424 0.0340842 -0.8730303 -0.0051737 0.4864459
56.430048 -0.2007627 -0.1530968 0.2277492 0.0040551 -0.9105098 -0.0107366 0.4133282
56.932700 -0.1913349 -0.1531591 0.2199630 -0.0085403 -0.9313976 -0.0119311 0.3637077
57.466196 -0.1928818 -0.1531254 0.2144878 -0.0008252 -0.9574462 -0.0129416 0.2883203
58.466359 -0.2028838 -0.1569684 0.2033771 0.0044181 -0.9928236 0.0006016 0.1195048
59.033059 -0.2029220 -0.1562842 0.2049032 0.0073863 -0.9998942 -0.0036904 0.0119756
59.499741 -0.1997808 -0.1557976 0.2090547 -0.0051205 0.9980479 0.0097781 0.0614689
59.766401 -0.1975678 -0.1553069 0.2120665 -0.0035730 0.9958352 0.0140710 0.0900083
60.199754 -0.1902273 -0.1722452 0.2111475 -0.0356480 0.9907219 0.0610662 0.1160611
60.599751 -0.1668420 -0.2010916 0.1879190 -0.0193328 0.9909019 0.0371175 0.1279141
60.966414 -0.1399175 -0.2183231 0.1547099 -0.0195526 0.9883286 0.0219616 0.1494723
61.299755 -0.1148447 -0.2289319 0.1216114 -0.0195103 0.9822178 0.0175852 0.1858988
61.733071 -0.0803663 -0.2339937 0.0798026 -0.0170993 0.9684649 0.0231854 0.2474790
61.933109 -0.0649926 -0.2349677 0.0601685 -0.0161023 0.9582906 0.0243258 0.2843027
62.233203 -0.0397019 -0.2360184 0.0311556 -0.0081237 0.9431601 0.0220573 0.3315063
62.633318 -0.0082434 -0.2366379 -0.0080128 0.0014727 0.9264386 -0.0068522 0.3763806
63.000069 0.0102813 -0.2386185 -0.0357956 -0.0010438 0.8912160 -0.0302031 0.4525712
63.633461 0.0141828 -0.2403672 -0.0461761 -0.0113401 0.8150549 -0.0149067 0.5790809
64.233510 0.0033400 -0.2406219 -0.0318903 -0.0183528 0.7387323 0.0160183 0.6735585
64.666858 0.0029463 -0.2416619 -0.0199010 -0.0067117 0.7039357 0.0246283 0.7098050
65.400225 0.0156805 -0.2449110 -0.0143999 -0.0003074 0.6795150 0.0110182 0.7335788
66.033594 0.0217860 -0.2452527 -0.0114238 -0.0043336 0.5618977 -0.0002347 0.8271953
66.733693 0.0188360 -0.2446960 -0.0097988 -0.0047446 0.4724382 0.0081940 0.8813130
67.367089 0.0135486 -0.2437129 -0.0119186 -0.0075346 0.3673920 0.0102757 0.9299789
68.067831 0.0088940 -0.2434920 -0.0077030 0.0001218 0.1493287 0.0095258 0.9887417
68.736776 0.0062617 -0.2439491 -0.0064290 0.0034576 -0.0351567 0.0095265 0.9993304
69.470864 0.0041880 -0.2466356 -0.0109479 -0.0010247 -0.2562674 0.0032982 0.9665998
70.638316 0.0002599 -0.2462216 -0.0134099 0.0031556 -0.4753486 0.0064353 0.8797684
71.339035 -0.0006023 -0.2449604 -0.0133138 0.0020777 -0.5410845 0.0068251 0.8409380
71.973069 0.0007179 -0.2445609 -0.0097404 0.0018102 -0.4679248 0.0068745 0.8837398
73.173965 0.0010379 -0.2448733 -0.0101039 0.0017702 -0.3828015 0.0031044 0.9238238
74.374873 -0.0036580 -0.0995344 -0.0099609 0.0037031 -0.3880884 0.0042259 0.9216051
75.209843 0.0052777 -0.0015304 -0.0134126 -0.0119335 -0.4615256 -0.0012740 0.8870457
75.912477 0.0052091 -0.0012648 -0.0149290 -0.0035927 -0.4828457 -0.0051350 0.8756831
76.712951 0.0049196 -0.0008455 -0.0147121 -0.0027385 -0.4830174 -0.0050919 0.8755917
