263.946276 0.0000000 0.0000000 0.0000000 -0.0000000 -0.0000000 -0.0000000 1.0000000
264.046345 -0.0118959 -0.0003437 0.0099580 0.0001527 -0.0040421 0.0003007 0.9999918
264.146414 -0.0238164 -0.0009421 0.0193725 -0.0036262 -0.0077105 0.0036803 0.9999570
264.246482 -0.0363783 -0.0014160 0.0284550 -0.0069248 -0.0132543 0.0022797 0.9998856
264.346550 -0.0492971 -0.0016353 0.0376860 -0.0130489 -0.0147588 0.0065240 0.9997846
264.813523 -0.1093877 -0.0025096 0.0806473 -0.0139239 0.0086900 0.0133717 0.9997759
264.980294 -0.1302328 -0.0030917 0.0959188 -0.0130640 0.0232468 0.0162987 0.9995115
265.580664 -0.2015162 -0.0067693 0.1557950 -0.0096834 0.0669971 0.0177415 0.9975485
265.914192 -0.2394865 -0.0104785 0.1922469 -0.0079090 0.0533042 0.0173046 0.9983971
268.382173 -0.2781375 -0.0112782 0.2445464 -0.0024230 0.0273200 0.0027427 0.9996201
268.749042 -0.2800013 -0.0116433 0.2430380 0.0026258 0.0106036 0.0057409 0.9999239
270.617194 -0.2929873 -0.0071307 0.2503171 0.0041405 0.1354168 0.0120601 0.9907067
271.250963 -0.2884964 -0.0094081 0.2518944 0.0096998 0.1337406 0.0040556 0.9909607
274.052402 -0.2860471 0.0097068 0.2480041 0.0172011 0.0120266 0.0099596 0.9997301
274.352552 -0.2834946 0.0589651 0.2446927 0.0203368 0.0126249 0.0130368 0.9996285
274.686060 -0.2775052 0.1128351 0.2369423 0.0168030 0.0320510 0.0142838 0.9992429
275.019675 -0.2682731 0.1664111 0.2279887 0.0151763 0.0666201 0.0111271 0.9976010
275.319936 -0.2599340 0.2099426 0.2173917 0.0178267 0.0714317 0.0107964 0.9972277
275.586839 -0.2556916 0.2136761 0.2167452 0.0078359 0.0922680 0.0079748 0.9956715
275.920380 -0.2554142 0.2143554 0.2173150 0.0065022 0.0929422 0.0056937 0.9956340
