1.024076 0.0000000 0.0000000 0.0000000 -0.0000000 -0.0000000 -0.0000000 1.0000000
9.393492 -0.0000185 -0.0018990 -0.0015874 -0.0091959 -0.0026681 -0.0086806 0.9999165
9.426971 -0.0001876 -0.0036162 -0.0012986 -0.0141816 -0.0049247 -0.0081230 0.9998543
9.493932 -0.0001156 -0.0110832 -0.0010458 -0.0186360 -0.0115748 -0.0123940 0.9996825
9.527415 -0.0008864 -0.0164418 -0.0005039 -0.0206805 -0.0151938 -0.0131082 0.9995847
9.560899 -0.0017677 -0.0236554 0.0002538 -0.0196734 -0.0198756 -0.0127139 0.9995281
9.594384 -0.0024280 -0.0321554 0.0011671 -0.0177467 -0.0255052 -0.0132592 0.9994292
9.661360 -0.0046955 -0.0522445 0.0034011 -0.0150629 -0.0383691 -0.0132133 0.9990627
9.694849 -0.0057216 -0.0640329 0.0045707 -0.0117216 -0.0460186 -0.0124878 0.9987938
9.728340 -0.0070566 -0.0760845 0.0056114 -0.0073829 -0.0534687 -0.0123419 0.9984660
9.761832 -0.0082396 -0.0879282 0.0070706 -0.0036368 -0.0610386 -0.0115151 0.9980624
9.795302 -0.0098980 -0.0998568 0.0081822 -0.0002193 -0.0684302 -0.0109962 0.9975953
9.862017 -0.0126871 -0.1212390 0.0109919 0.0037168 -0.0827532 -0.0111067 0.9965013
9.962088 -0.0169380 -0.1490047 0.0142155 0.0060956 -0.1031999 -0.0113053 0.9945777
10.028802 -0.0197422 -0.1647200 0.0162010 0.0059065 -0.1159027 -0.0121656 0.9931685
10.062160 -0.0213841 -0.1717127 0.0166570 0.0060152 -0.1219161 -0.0115395 0.9924551
10.128874 -0.0238003 -0.1845596 0.0185225 0.0043116 -0.1340546 -0.0124376 0.9908866
10.195588 -0.0264075 -0.1956453 0.0203094 0.0035454 -0.1455899 -0.0119026 0.9892671
10.228945 -0.0272555 -0.2006926 0.0207748 0.0023239 -0.1513548 -0.0124883 0.9883979
10.429088 -0.0343619 -0.2219791 0.0235356 0.0053961 -0.1730112 -0.0104621 0.9848495
10.929450 -0.0484079 -0.2460539 0.0246670 0.0087619 -0.2052065 -0.0135739 0.9785854
11.062884 -0.0553734 -0.2677247 0.0202146 0.0146764 -0.2377657 -0.0181538 0.9710420
11.263034 -0.0650353 -0.3004595 0.0112732 0.0119999 -0.2856424 -0.0140152 0.9581587
11.463186 -0.0737167 -0.3247393 -0.0021833 -0.0022514 -0.3270371 -0.0062409 0.9449883
11.830128 -0.0882358 -0.3557830 -0.0281240 -0.0166020 -0.3919556 0.0040270 0.9198255
12.030276 -0.0937549 -0.3701994 -0.0410470 -0.0254881 -0.4277613 -0.0000062 0.9035323
12.497286 -0.1136559 -0.3902866 -0.0660806 -0.0173960 -0.5359275 0.0070703 0.8440551
12.897577 -0.1233511 -0.3934619 -0.0749692 -0.0119591 -0.6161849 0.0028128 0.7875057
15.132505 -0.0910911 -0.3885144 -0.0939719 -0.0162876 -0.8440988 0.0042950 0.5359230
16.400191 -0.0838793 -0.3859424 -0.0947975 -0.0178500 -0.9041829 0.0062237 0.4267272
20.941906 0.0744337 -0.3903336 0.0985627 -0.0334554 0.9112674 -0.0392874 0.4085695
21.108601 0.0780709 -0.4038828 0.1100008 -0.0599804 0.8892343 -0.0674070 0.4484652
21.641999 0.1002284 -0.4306254 0.2094953 -0.0279140 0.8312480 -0.0279907 0.5544945
21.742006 0.1053161 -0.4332038 0.2356798 -0.0260210 0.8200728 -0.0222498 0.5712342
21.808677 0.1084635 -0.4338514 0.2531250 -0.0221748 0.8127683 -0.0198031 0.5818281
21.942030 0.1139740 -0.4374492 0.2874617 -0.0203004 0.8001912 -0.0175874 0.5991432
22.075392 0.1163791 -0.4386508 0.3113010 -0.0189942 0.7865861 -0.0136933 0.6170365
22.475466 0.1189246 -0.4439831 0.3762898 -0.0160876 0.7416494 -0.0100191 0.6705199
22.675495 0.1256535 -0.4386441 0.4038492 -0.0105179 0.7150645 -0.0114902 0.6988850
22.708833 0.1268893 -0.4376113 0.4078757 -0.0105140 0.7103523 -0.0114313 0.7036749
22.875519 0.1397599 -0.4292210 0.4229590 -0.0058965 0.6857222 -0.0108682 0.7277583
23.042221 0.1479706 -0.4217001 0.4356446 -0.0024138 0.6599118 -0.0131237 0.7512246
23.275597 0.1531471 -0.4200611 0.4541131 0.0100520 0.6256281 0.0018640 0.7800545
23.342275 0.1521080 -0.4219229 0.4596230 0.0133057 0.6165419 0.0084209 0.7871647
23.542304 0.1455253 -0.4265730 0.4721392 0.0319032 0.5953016 0.0279390 0.8023825
23.675654 0.1453048 -0.4262634 0.4820836 0.0362798 0.5898668 0.0339884 0.8059688
23.742328 0.1448714 -0.4263023 0.4866851 0.0384898 0.5890129 0.0338996 0.8064944
24.175806 0.1441147 -0.4235397 0.4998382 0.0253638 0.5784296 0.0260246 0.8149225
24.275846 0.1449571 -0.4237559 0.4994714 0.0255355 0.5763348 0.0180306 0.8166156
28.010291 0.1536527 -0.4328963 0.4924645 0.0163190 0.4531154 -0.0050567 0.8912882
28.243694 0.1469793 -0.4323512 0.4919547 0.0071498 0.3946121 -0.0062107 0.9187990
28.277037 0.1462917 -0.4325279 0.4919064 0.0063747 0.3843990 -0.0062660 0.9231238
28.343722 0.1443478 -0.4326578 0.4910004 0.0045520 0.3632422 -0.0072278 0.9316556
28.643800 0.1343811 -0.4359244 0.4861824 -0.0012782 0.2540762 -0.0077061 0.9671527
28.810505 0.1200863 -0.4368701 0.4912584 -0.0057377 0.2027159 -0.0054133 0.9792058
28.843845 0.1140784 -0.4409935 0.4920228 -0.0095857 0.1954033 -0.0053419 0.9806616
28.910537 0.1164251 -0.4378136 0.4916505 -0.0060985 0.1732029 -0.0033050 0.9848618
29.310742 0.0223552 -0.4426626 0.5251760 -0.0134629 0.1324287 -0.0047775 0.9910896
29.377442 0.0189142 -0.4414361 0.5266968 -0.0121008 0.1157070 -0.0056624 0.9931936
29.577538 -0.0078971 -0.4398997 0.5370200 -0.0081211 0.0674815 -0.0068776 0.9976638
29.644237 -0.0142105 -0.4408376 0.5376338 -0.0068403 0.0497015 -0.0068884 0.9987170
30.044351 -0.0288110 -0.4411640 0.5368747 -0.0073131 -0.0252150 -0.0044039 0.9996456
30.211013 -0.0295833 -0.4409754 0.5359294 -0.0071754 -0.0429833 -0.0028899 0.9990458
30.977618 -0.0298634 -0.4412126 0.5336374 0.0605812 -0.0880074 -0.0231026 0.9940075
31.310966 -0.0344651 -0.4213809 0.5042056 0.0450928 -0.1234913 -0.0227197 0.9910603
31.377633 -0.0366175 -0.4171400 0.4954551 0.0352293 -0.1333891 -0.0193118 0.9902492
31.410967 -0.0378621 -0.4149998 0.4900834 0.0310327 -0.1386012 -0.0187674 0.9896840
31.510966 -0.0422734 -0.4094493 0.4730572 0.0225245 -0.1569366 -0.0157130 0.9872268
31.677627 -0.0508844 -0.4010405 0.4429656 0.0173486 -0.1945774 -0.0100124 0.9806827
31.744290 -0.0546197 -0.3984810 0.4296191 0.0152932 -0.2115987 -0.0109021 0.9771762
31.810952 -0.0585675 -0.3954695 0.4162903 0.0148339 -0.2297045 -0.0100398 0.9730956
31.877614 -0.0625143 -0.3933447 0.4026615 0.0135835 -0.2484064 -0.0090876 0.9685180
31.944291 -0.0663787 -0.3916581 0.3886116 0.0115422 -0.2680533 -0.0087266 0.9632954
32.010966 -0.0708241 -0.3898637 0.3746167 0.0110063 -0.2880216 -0.0083243 0.9575245
32.177653 -0.0810185 -0.3855914 0.3375372 0.0078290 -0.3413792 -0.0060979 0.9398733
32.311000 -0.0879974 -0.3843150 0.3060383 0.0044398 -0.3874162 -0.0047937 0.9218818
32.444344 -0.0954101 -0.3825291 0.2736250 0.0009750 -0.4385836 -0.0051836 0.8986750
32.544350 -0.1008193 -0.3822161 0.2492533 -0.0000994 -0.4787478 -0.0050135 0.8779382
32.711023 -0.1113780 -0.3882149 0.2086607 -0.0022951 -0.5380767 -0.0058629 0.8428724
32.977713 -0.1291249 -0.3849605 0.1324892 -0.0052069 -0.6136158 -0.0059091 0.7895655
33.111069 -0.1330585 -0.3850538 0.0946946 -0.0051636 -0.6408915 -0.0014274 0.7676128
33.377771 -0.1375205 -0.3814597 0.0250877 -0.0093374 -0.6768987 -0.0072536 0.7359812
33.511119 -0.1391831 -0.3801019 -0.0084010 -0.0094768 -0.6913900 -0.0098920 0.7223519
33.711134 -0.1405009 -0.3783793 -0.0586742 -0.0107939 -0.7119986 -0.0066911 0.7020660
33.977875 -0.1456379 -0.3748689 -0.1232786 -0.0083500 -0.7390989 -0.0065455 0.6735134
34.211375 -0.1479137 -0.3727982 -0.1776622 -0.0070721 -0.7593818 -0.0047557 0.6505895
34.344803 -0.1492800 -0.3721913 -0.2088292 -0.0086174 -0.7734178 -0.0060611 0.6338090
34.578299 -0.1487969 -0.3702375 -0.2599016 -0.0101580 -0.7989838 -0.0074703 0.6012204
34.711724 -0.1477417 -0.3690175 -0.2882873 -0.0128927 -0.8112394 -0.0068338 0.5845322
34.811793 -0.1475465 -0.3688691 -0.3096737 -0.0152699 -0.8198777 -0.0044524 0.5723177
35.080052 -0.1458875 -0.3674078 -0.3646336 -0.0186083 -0.8436143 -0.0045816 0.5366076
35.147380 -0.1455969 -0.3672978 -0.3782474 -0.0175506 -0.8490848 -0.0034204 0.5279539
35.282067 -0.1454290 -0.3674854 -0.4053672 -0.0170957 -0.8584265 -0.0028811 0.5126435
35.450481 -0.1453069 -0.3681547 -0.4380007 -0.0167401 -0.8680552 -0.0015361 0.4961832
35.517864 -0.1455370 -0.3675427 -0.4516597 -0.0171097 -0.8715065 -0.0024396 0.4900793
35.585257 -0.1459112 -0.3680189 -0.4646764 -0.0172932 -0.8750644 -0.0003881 0.4836973
35.753782 -0.1468995 -0.3685817 -0.4975254 -0.0175205 -0.8853973 0.0023925 0.4644986
35.888646 -0.1478940 -0.3689696 -0.5248928 -0.0219280 -0.8936763 0.0114547 0.4480299
35.955819 -0.1486673 -0.3694621 -0.5375677 -0.0270197 -0.8977944 0.0200589 0.4391274
36.055914 -0.1493186 -0.3716775 -0.5558044 -0.0313470 -0.9039679 0.0331823 0.4251568
36.256103 -0.1524013 -0.3734275 -0.5863713 -0.0361874 -0.9170623 0.0550142 0.3932692
36.356198 -0.1530474 -0.3758934 -0.6006526 -0.0364931 -0.9227882 0.0615771 0.3786007
36.422927 -0.1525556 -0.3779104 -0.6086334 -0.0359418 -0.9263535 0.0621661 0.3697469
36.489656 -0.1522637 -0.3788945 -0.6156241 -0.0344019 -0.9294532 0.0629098 0.3619056
36.689844 -0.1531647 -0.3811339 -0.6284679 -0.0301041 -0.9376445 0.0605828 0.3409489
36.890031 -0.1526863 -0.3820104 -0.6331296 -0.0245367 -0.9437775 0.0525019 0.3254621
36.956735 -0.1531044 -0.3820254 -0.6328064 -0.0227841 -0.9461287 0.0482597 0.3193626
37.189992 -0.1530528 -0.3796575 -0.6264377 -0.0188017 -0.9543845 0.0388773 0.2954408
37.256634 -0.1531759 -0.3800297 -0.6236293 -0.0189611 -0.9567296 0.0378183 0.2878867
37.356596 -0.1526124 -0.3804965 -0.6207649 -0.0180289 -0.9597488 0.0342346 0.2781820
37.689780 -0.1526354 -0.3760530 -0.6066145 -0.0136327 -0.9693011 0.0286478 0.2438214
37.756414 -0.1524001 -0.3759910 -0.6035172 -0.0125214 -0.9708355 0.0268014 0.2379145
37.856362 -0.1520787 -0.3762085 -0.6004648 -0.0114327 -0.9729499 0.0229454 0.2295894
38.122936 -0.1483670 -0.3741224 -0.5931283 -0.0104214 -0.9784461 0.0163559 0.2055895
38.256227 -0.1478615 -0.3787770 -0.5878608 -0.0124223 -0.9815999 0.0118735 0.1901746
38.322871 -0.1473877 -0.3756746 -0.5886200 -0.0106407 -0.9830083 0.0125828 0.1828198
38.422835 -0.1463298 -0.3751818 -0.5882729 -0.0113177 -0.9852606 0.0143993 0.1700767
38.489476 -0.1469474 -0.3776943 -0.5867555 -0.0131067 -0.9872333 0.0138420 0.1581358
38.556116 -0.1437921 -0.3753284 -0.5872601 -0.0123291 -0.9887872 0.0167210 0.1478790
38.656074 -0.1433357 -0.3727602 -0.5893299 -0.0115530 -0.9917235 0.0194246 0.1263870
38.955968 -0.1387941 -0.3714300 -0.5910851 -0.0097441 -0.9982449 0.0240875 0.0532153
39.056411 -0.1377208 -0.3692259 -0.5897404 -0.0113815 -0.9989728 0.0317310 0.0302800
39.123483 -0.1373108 -0.3699012 -0.5916641 -0.0109631 -0.9993331 0.0315462 0.0147629
39.190561 -0.1371847 -0.3696966 -0.5926117 0.0128777 0.9993805 -0.0327255 0.0014109
39.391817 -0.1413125 -0.3710843 -0.5923613 0.0129238 0.9980778 -0.0314359 0.0518210
39.458911 -0.1394326 -0.3795444 -0.5926300 0.0132677 0.9975317 -0.0253847 0.0641101
39.492460 -0.1382994 -0.3774263 -0.5916541 0.0130482 0.9971034 -0.0270412 0.0698809
39.526010 -0.1380192 -0.3758079 -0.5919408 0.0117742 0.9965823 -0.0283870 0.0766767
39.660219 -0.1371450 -0.3689439 -0.5927724 0.0140456 0.9941885 -0.0341073 0.1011369
39.794445 -0.1376327 -0.3736446 -0.5929981 0.0139076 0.9919347 -0.0314853 0.1219873
39.828004 -0.1379407 -0.3740793 -0.5932206 0.0143838 0.9913017 -0.0318610 0.1268821
40.995234 -0.1380967 -0.3669869 -0.5884465 -0.0105676 0.9474322 -0.1161048 0.2979600
41.028546 -0.1375794 -0.3674547 -0.5854681 -0.0136714 0.9459619 -0.1175140 0.3019266
41.128480 -0.1414423 -0.3743644 -0.5758146 -0.0291967 0.9406903 -0.1046982 0.3213840
41.161791 -0.1418136 -0.3758932 -0.5743163 -0.0324827 0.9385667 -0.0961168 0.3298469
41.228411 -0.0350934 -0.3705757 -0.4793087 -0.0451244 0.9595076 -0.0727141 0.2683685
41.561491 -0.0156307 -0.3288139 -0.4172338 -0.0234745 0.9365340 -0.0294023 0.3485521
41.628102 -0.0112418 -0.3219203 -0.4025357 -0.0201893 0.9319050 -0.0269605 0.3611351
41.794625 -0.0000549 -0.3074557 -0.3636428 -0.0160532 0.9215860 -0.0221398 0.3872097
41.994441 0.0121154 -0.2903742 -0.3152153 -0.0150515 0.9144117 -0.0186848 0.4040738
42.127657 0.0196250 -0.2824985 -0.2828746 -0.0105191 0.9153540 -0.0185304 0.4020859
42.194263 0.0232576 -0.2782711 -0.2665785 -0.0086708 0.9168189 -0.0182760 0.3987908
42.360768 0.0315453 -0.2676142 -0.2269199 -0.0074006 0.9265490 -0.0144837 0.3758225
42.427367 0.0357046 -0.2644820 -0.2111107 -0.0056803 0.9324369 -0.0142016 0.3610089
42.493964 0.0392177 -0.2612563 -0.1960454 -0.0015469 0.9384779 -0.0140129 0.3450515
42.893508 0.0634585 -0.2503967 -0.1104717 0.0186814 0.9688523 -0.0201405 0.2461107
42.993384 0.0682435 -0.2488184 -0.0899883 0.0191404 0.9749850 -0.0221834 0.2203312
43.093313 0.0720475 -0.2467088 -0.0693282 0.0165253 0.9794439 -0.0246335 0.1995240
43.293159 0.0785454 -0.2419392 -0.0280585 0.0137163 0.9838982 -0.0224968 0.1767775
44.025818 0.0936821 -0.2353759 0.1314503 0.0003799 0.9668116 -0.0161287 0.2549806
44.225680 0.0964196 -0.2356165 0.1751134 -0.0049624 0.9561278 -0.0173495 0.2923938
44.791879 0.1007694 -0.2373871 0.3057923 -0.0120214 0.9034263 -0.0133410 0.4283672
44.991693 0.1037776 -0.2385202 0.3540632 -0.0089634 0.8893614 -0.0100028 0.4570076
45.058338 0.1049205 -0.2390803 0.3697833 -0.0065434 0.8874903 -0.0129480 0.4605981
45.857987 0.1250487 -0.2351247 0.5508873 -0.0131007 0.8683888 -0.0140274 0.4955124
46.057864 0.1288545 -0.2333653 0.5963781 -0.0163528 0.8480949 -0.0028338 0.5295845
46.557447 0.1425519 -0.2253114 0.6908802 0.0151886 0.7942025 0.0291435 0.6067638
46.723954 0.1463972 -0.2233849 0.7076764 0.0179856 0.7743140 0.0285474 0.6319013
47.989715 0.1508816 -0.2213404 0.7018499 -0.0107839 0.6715499 -0.0071444 0.7408465
48.122951 0.1483870 -0.2215860 0.7011670 -0.0129572 0.6585867 -0.0047142 0.7523785
48.289486 0.1453412 -0.2217303 0.7019825 -0.0153592 0.6363053 -0.0004040 0.7712843
49.222055 0.1358397 -0.2252711 0.7202412 -0.0072940 0.4883958 0.0074053 0.8725603
49.721781 0.1346627 -0.2274537 0.7201458 -0.0074622 0.4530470 0.0050920 0.8914409
49.954960 0.1345067 -0.2287041 0.7185870 -0.0089255 0.4341790 0.0036456 0.9007750
51.088201 0.1248845 -0.2227107 0.7158499 0.0806353 0.2691652 0.0013576 0.9597116
51.188506 0.1210657 -0.2071434 0.7084983 0.0650352 0.2510069 -0.0011673 0.9657974
51.255382 0.1187200 -0.1967604 0.7017648 0.0480654 0.2392474 -0.0035270 0.9697618
51.456040 0.1066811 -0.1742131 0.6739139 0.0280446 0.2087558 -0.0006103 0.9775654
51.522935 0.1017607 -0.1681279 0.6624470 0.0272768 0.2006068 -0.0002072 0.9792920
51.757105 0.0840188 -0.1500425 0.6198947 0.0143062 0.1769215 0.0075233 0.9840922
51.857482 0.0764221 -0.1433050 0.6001114 0.0104042 0.1658003 0.0087562 0.9860656
51.991334 0.0653745 -0.1361928 0.5730983 0.0055345 0.1480122 0.0100225 0.9889193
52.158307 0.0519294 -0.1285503 0.5389573 0.0022456 0.1246651 0.0091782 0.9921539
52.291892 0.0415679 -0.1240887 0.5119594 0.0017235 0.1051965 0.0084528 0.9944140
52.592474 0.0225928 -0.1184410 0.4510167 0.0071842 0.0637315 0.0062977 0.9979214
52.692674 0.0173965 -0.1148210 0.4308450 0.0059115 0.0523171 0.0017681 0.9986115
53.226581 -0.0105001 -0.0965046 0.3218252 0.0084947 0.0105251 0.0091808 0.9998664
53.393204 -0.0179177 -0.0928253 0.2870649 0.0088832 0.0074775 0.0066328 0.9999106
53.526498 -0.0246563 -0.0905950 0.2583806 0.0084625 -0.0128879 0.0046544 0.9998703
53.693108 -0.0335833 -0.0888764 0.2212466 0.0072917 -0.0580108 0.0035373 0.9982831
53.926352 -0.0478425 -0.0898089 0.1662247 0.0001319 -0.1547258 0.0035056 0.9879512
54.159622 -0.0624820 -0.0944616 0.1109857 0.0033407 -0.2319027 0.0082953 0.9726979
54.292924 -0.0709191 -0.0966204 0.0793541 0.0054236 -0.2638856 0.0101885 0.9644850
54.459545 -0.0828248 -0.0980450 0.0403297 0.0071824 -0.2993851 0.0143249 0.9539978
54.592837 -0.0925052 -0.0993550 0.0082525 0.0076040 -0.3285654 0.0182977 0.9442734
54.759447 -0.1048720 -0.1012547 -0.0334372 0.0066619 -0.3688659 0.0186984 0.9292707
54.926050 -0.1169991 -0.1032715 -0.0748787 0.0080132 -0.4083464 0.0226453 0.9125109
55.126414 -0.1289056 -0.1055605 -0.1248897 0.0102800 -0.4502828 0.0248725 0.8924803
55.293658 -0.1354683 -0.1070734 -0.1676443 0.0107381 -0.4853515 0.0230565 0.8739491
55.494392 -0.1384059 -0.1081312 -0.2199655 0.0037831 -0.5247346 0.0183765 0.8510592
55.728639 -0.1404381 -0.1102722 -0.2821679 0.0049462 -0.5912635 0.0172033 0.8062798
55.895995 -0.1401326 -0.1137011 -0.3278409 0.0097520 -0.6413839 0.0157357 0.7669967
55.996423 -0.1399741 -0.1149264 -0.3540868 0.0127516 -0.6697435 0.0151749 0.7423280
56.163236 -0.1384975 -0.1158960 -0.3993574 0.0099006 -0.7140988 0.0234498 0.6995820
56.263295 -0.1363161 -0.1165405 -0.4253440 -0.0009007 -0.7399160 0.0332716 0.6718754
56.430060 -0.1286791 -0.1175440 -0.4640799 -0.0190595 -0.7800159 0.0462814 0.6237548
56.563472 -0.1228871 -0.1183335 -0.4929001 -0.0275027 -0.8069944 0.0535189 0.5874858
56.663531 -0.1174752 -0.1198916 -0.5100731 -0.0301948 -0.8252445 0.0575928 0.5610194
56.830295 -0.1110959 -0.1211200 -0.5349228 -0.0274743 -0.8532034 0.0572580 0.5176974
57.030396 -0.1013857 -0.1223440 -0.5483316 -0.0190231 -0.8858737 0.0504125 0.4607868
57.130920 -0.0971458 -0.1236264 -0.5517245 -0.0143237 -0.9003288 0.0458494 0.4325514
57.365509 -0.0879030 -0.1257335 -0.5508789 -0.0055780 -0.9288108 0.0354170 0.3688157
57.466061 -0.0840885 -0.1272447 -0.5483268 -0.0024715 -0.9386494 0.0294564 0.3436037
57.700716 -0.0771620 -0.1271176 -0.5396427 0.0040854 -0.9560128 0.0207612 0.2925608
57.801296 -0.0745678 -0.1273756 -0.5356691 0.0057732 -0.9613449 0.0138441 0.2749381
58.402748 -0.0624699 -0.1232599 -0.5191901 0.0067660 -0.9878992 0.0051360 0.1548646
58.469420 -0.0618880 -0.1236171 -0.5180706 0.0084623 -0.9899951 0.0036726 0.1407996
58.569427 -0.0600466 -0.1230455 -0.5170642 0.0086998 -0.9925562 0.0043683 0.1213984
59.002772 -0.0508584 -0.1208996 -0.5193267 -0.0049974 -0.9993037 0.0146053 0.0339687
59.069440 -0.0501242 -0.1205438 -0.5198982 -0.0048708 -0.9995880 0.0172355 0.0224289
60.869812 -0.0533230 -0.1018342 -0.5102555 -0.0052127 0.9981064 -0.0077419 0.0607993
61.069925 -0.0517495 -0.1054134 -0.5064715 -0.0129419 0.9938278 -0.0809540 0.0747359
61.304158 -0.0500112 -0.1040400 -0.4840958 -0.0119669 0.9937102 -0.0684513 0.0878134
61.538498 -0.0479887 -0.1002089 -0.4443318 -0.0082487 0.9943971 -0.0437308 0.0958856
61.772872 -0.0492146 -0.0979332 -0.3970653 -0.0066428 0.9949707 -0.0293046 0.0955530
62.040770 -0.0492931 -0.0961209 -0.3378331 -0.0058084 0.9963693 -0.0216217 0.0821404
62.307657 -0.0513031 -0.0942953 -0.2781394 -0.0020643 0.9973660 -0.0196594 0.0697882
62.507601 -0.0523131 -0.0953543 -0.2337558 0.0000709 0.9975906 -0.0197680 0.0665006
62.774177 -0.0541199 -0.0955468 -0.1754011 0.0031218 0.9969476 -0.0213108 0.0750432
63.007417 -0.0569012 -0.0950185 -0.1247301 -0.0002216 0.9970252 -0.0192600 0.0746314
63.207345 -0.0599335 -0.0953818 -0.0811472 -0.0024716 0.9964581 -0.0200478 0.0816293
63.540564 -0.0669016 -0.0948977 -0.0069118 -0.0092842 0.9926010 -0.0193323 0.1195132
63.807120 -0.0702201 -0.0943112 0.0532286 0.0055233 0.9902614 -0.0226447 0.1372560
64.106977 -0.0763603 -0.0953123 0.1234935 0.0027092 0.9898152 -0.0123628 0.1417946
64.440165 -0.0856195 -0.0939914 0.1980840 -0.0015154 0.9917625 -0.0175347 0.1268758
64.740006 -0.0904590 -0.0900366 0.2650987 0.0062123 0.9940801 -0.0101235 0.1079984
65.039821 -0.0903948 -0.0904072 0.3281396 0.0157877 0.9921037 -0.0200892 0.1227902
65.373047 -0.0982115 -0.0889023 0.3953924 0.0033212 0.9863575 -0.0242476 0.1627879
65.672950 -0.1116092 -0.0854206 0.4557065 -0.0087129 0.9834623 -0.0229114 0.1794464
66.006152 -0.1262310 -0.0837558 0.5235040 -0.0109225 0.9862813 -0.0219879 0.1632376
66.406037 -0.1377993 -0.0846498 0.6118152 0.0044316 0.9942591 -0.0106030 0.1063800
66.705943 -0.1452371 -0.0818868 0.6780451 0.0022425 0.9944161 0.0290325 0.1014334
67.105787 -0.1553412 -0.0825557 0.7326005 0.0001300 0.9915668 0.0528211 0.1183441
67.905517 -0.1613544 -0.0877397 0.7182693 -0.0193050 0.9575698 -0.0024709 0.2875435
68.972440 -0.1100448 -0.1015354 0.7326776 -0.0001729 0.7023198 -0.0285433 0.7112890
71.038507 -0.1563147 -0.0753694 0.7660628 -0.0098108 0.4965024 0.0103943 0.8679177
71.638321 -0.1638248 -0.0741241 0.7604555 -0.0176308 0.5001099 0.0141830 0.8656663
73.238210 -0.1341903 -0.0801768 0.7439810 -0.0148696 0.6562089 0.0060899 0.7544082
73.906690 -0.1367213 -0.1561292 0.7116075 0.0405372 0.6462510 0.0281617 0.7615270
74.640759 -0.1693210 -0.2071322 0.5863920 0.0129944 0.5237921 0.0059461 0.8517262
75.442506 -0.2130106 -0.2202922 0.4512805 0.0181043 0.3794777 0.0102506 0.9249669
79.282839 -0.4227861 -0.2581474 -0.3882504 -0.0310851 -0.4494761 0.0471899 0.8915033
80.049661 -0.3987586 -0.2580569 -0.4453177 -0.0209380 -0.5665752 0.0264078 0.8233206
80.716412 -0.3931489 -0.2548794 -0.4251242 0.0063350 -0.6674451 0.0081845 0.7445871
82.016964 -0.3693557 -0.3698772 -0.2855425 -0.0033671 -0.7883952 0.0318800 0.6143333
82.583802 -0.3418435 -0.3908494 -0.1774993 0.0006841 -0.8527689 0.0227979 0.5217902
82.950536 -0.3234808 -0.3966565 -0.1088866 0.0029770 -0.8827202 0.0268680 0.4691207
84.217358 -0.2590537 -0.3914749 0.1163649 -0.0050775 -0.9234244 0.0319737 0.3824124
84.950824 -0.2207975 -0.3868677 0.2423581 -0.0034649 -0.9631276 0.0369878 0.2664678
85.584221 -0.1824176 -0.3813541 0.3573192 -0.0064692 -0.9818699 0.0398628 0.1852044
86.617610 -0.1396314 -0.3810650 0.5687341 -0.0102988 -0.9974488 0.0320291 0.0629599
87.684338 -0.1428502 -0.3804986 0.7380397 0.0000327 0.9953842 0.0232496 0.0931121
89.317954 -0.1311219 -0.3759668 0.7222166 -0.0068904 0.9319327 -0.0219036 0.3619035
90.551346 -0.1188163 -0.3764364 0.7435467 0.0061042 0.8905968 -0.0128642 0.4545708
92.921897 -0.1774804 -0.4606849 0.4211689 0.0032367 0.7741857 -0.0031117 0.6329427
94.089454 -0.2389376 -0.4639603 0.2009517 -0.0043166 0.6517864 0.0030111 0.7583843
96.190959 -0.3414665 -0.4726587 -0.1826903 -0.0036898 0.4845997 0.0114426 0.8746534
97.325058 -0.3635086 -0.4772284 -0.3643655 -0.0319152 0.1975767 -0.0066732 0.9797450
98.293263 -0.3853937 -0.4768045 -0.3840514 -0.0083827 -0.0501557 0.0087727 0.9986677
99.199858 -0.4030222 -0.4848193 -0.3771951 -0.0005801 -0.2083079 0.0090634 0.9780211
100.600359 -0.4094861 -0.4762643 -0.3848779 0.0020212 -0.2524984 0.0223910 0.9673361
101.267388 -0.4038968 -0.3794417 -0.3727277 -0.0442184 -0.3388694 0.0549811 0.9381841
102.104090 -0.3611014 -0.1937276 -0.2443250 0.0014330 -0.4937248 0.0327736 0.8689993
102.771156 -0.3003232 -0.1352299 -0.1342739 -0.0068493 -0.5332726 0.0246624 0.8455561
103.504228 -0.2344444 -0.1138051 -0.0188810 -0.0086939 -0.5943215 0.0293442 0.8036450
105.636929 -0.0203176 -0.0970377 0.3338794 -0.0055736 -0.7936893 0.0182285 0.6080247
106.469794 0.0442525 -0.0914143 0.4800172 -0.0065851 -0.8549694 0.0211234 0.5182065
107.369306 0.1051599 -0.0857663 0.6296626 0.0022931 -0.9475534 -0.0180393 0.3190798
108.435478 0.1282132 -0.0868454 0.6551695 0.0041011 -0.9947163 0.0113794 0.1019469
109.468465 0.1501974 -0.0858318 0.6395980 -0.0068028 0.9884629 -0.0207813 0.1498763
110.601226 0.1714269 -0.0813896 0.6734633 0.0020751 0.9429981 -0.0029592 0.3327787
111.734040 0.1593568 -0.1810489 0.5772753 0.0077736 0.9115905 0.0026838 0.4110172
113.699965 0.1030196 -0.2314004 0.1726538 0.0071285 0.8655453 -0.0052742 0.5007521
114.533977 0.0773812 -0.2512840 0.0291500 0.0039917 0.6948010 -0.0068477 0.7191584
117.404787 -0.0844384 -0.2529445 -0.4205454 -0.0255867 0.2816887 0.0121051 0.9590883
118.306694 -0.0984819 -0.2583921 -0.4399434 -0.0031867 0.0735614 0.0118928 0.9972147
119.274140 -0.1080524 -0.2611459 -0.4235270 0.0150955 -0.0745438 0.0157733 0.9969788
122.281629 -0.1043195 -0.3731234 -0.2515471 -0.0043128 -0.3864545 0.0314221 0.9217630
123.015255 -0.0757233 -0.3861317 -0.1139645 -0.0126145 -0.3792574 0.0262742 0.9248320
123.815474 -0.0384342 -0.3890630 0.0344806 -0.0135739 -0.4206430 0.0223291 0.9068499
124.615710 0.0029941 -0.3862299 0.1863724 -0.0172303 -0.4507950 0.0145648 0.8923423
125.549310 0.0418646 -0.3823305 0.3639148 -0.0138690 -0.5291505 0.0138624 0.8483014
126.382545 0.0549420 -0.3883231 0.5101392 0.0001005 -0.6992941 0.0246891 0.7144076
127.315790 0.0782377 -0.3820241 0.6447997 0.0168205 -0.8289618 -0.0021252 0.5590481
128.182542 0.1082804 -0.3788773 0.6566104 0.0010182 -0.9285081 0.0140501 0.3710448
129.449462 0.1368012 -0.3771814 0.6396506 0.0022753 -0.9912331 0.0269302 0.1293316
130.949646 0.1416745 -0.3686961 0.6586251 -0.0007265 -0.9944495 -0.0225995 0.1027567
131.916370 0.1148155 -0.4330533 0.5071497 0.0024622 -0.9924327 0.0057708 0.1226295
132.987734 0.0806912 -0.4594515 0.2687185 -0.0086328 0.9989367 -0.0120975 0.0436428
134.056231 0.0697675 -0.4629844 0.0473902 -0.0034725 0.9857302 -0.0100869 0.1679951
135.255190 0.0559317 -0.4749261 -0.1835646 0.0059211 0.9378414 -0.0131419 0.3467647
136.330291 0.0074042 -0.4883589 -0.3627318 0.0060325 0.8771124 -0.0048908 0.4802223
137.296630 -0.0498837 -0.4880531 -0.4828158 -0.0351452 0.8536420 -0.0193949 0.5193110
138.295838 -0.0408050 -0.4774778 -0.4607358 -0.0017720 0.7371308 -0.0025876 0.6757429
139.328573 -0.0431116 -0.4819711 -0.4248093 0.0059705 0.5183799 -0.0003429 0.8551295
140.228056 -0.0730895 -0.4801940 -0.4213114 0.0030303 0.3763497 0.0073359 0.9264437
141.127742 -0.0948627 -0.4739750 -0.4162487 -0.0771656 0.2122659 -0.0243813 0.9738553
142.127156 -0.1391141 -0.4738058 -0.2272887 -0.0187507 0.0671573 0.0077429 0.9975361
142.960015 -0.1768003 -0.4661119 -0.0452013 -0.0146513 -0.0564982 0.0094743 0.9982502
143.859709 -0.2055324 -0.4573631 0.1403184 -0.0158026 -0.1671608 0.0111908 0.9857395
144.492922 -0.2170745 -0.4505307 0.2608999 -0.0152490 -0.3020031 0.0094769 0.9531379
146.059105 -0.2339657 -0.4556391 0.5437578 -0.0097346 -0.4980219 0.0234285 0.8667933
147.058617 -0.2019033 -0.4578013 0.7172261 0.0180074 -0.5657388 -0.0033246 0.8243812
147.958331 -0.1966977 -0.4610627 0.7447649 0.0038714 -0.6276601 0.0125152 0.7783773
148.725999 -0.1973410 -0.4592401 0.7106456 -0.0118860 -0.7136717 0.0287437 0.6997895
149.528534 -0.1943033 -0.4604773 0.6985596 -0.0034011 -0.8220392 0.0285137 0.5687065
150.428688 -0.1817685 -0.4526511 0.6970640 -0.0078038 -0.8692238 0.0282311 0.4935506
151.462323 -0.1724735 -0.4088436 0.6417422 0.0065086 -0.9240010 -0.0171712 0.3819489
152.432721 -0.1901697 -0.3936902 0.4329652 -0.0107032 -0.9071409 0.0054121 0.4206563
153.299839 -0.2459248 -0.4017063 0.2751698 0.0134835 -0.8634937 0.0017150 0.5041764
154.133901 -0.2877634 -0.3984740 0.1005711 0.0075885 -0.9035343 0.0038559 0.4284312
155.067742 -0.3251233 -0.3970974 -0.1038043 0.0095010 -0.9492137 0.0100371 0.3143285
156.068136 -0.3457639 -0.3999834 -0.3268148 0.0184366 -0.9971120 0.0095822 0.0730472
156.768458 -0.3335187 -0.4041510 -0.4539891 -0.0157630 0.9928132 -0.0565299 0.1042971
157.702260 -0.3191099 -0.4008429 -0.4568850 -0.0029825 0.9672024 -0.0138534 0.2536115
158.435918 -0.3153002 -0.4008944 -0.4229523 0.0004411 0.9124328 -0.0026136 0.4092180
159.436445 -0.3334827 -0.4034217 -0.4142640 -0.0172682 0.8136606 -0.0056666 0.5810561
160.737506 -0.3343154 -0.4143050 -0.3809404 0.0030975 0.5847388 -0.0015443 0.8112143
161.638158 -0.3418165 -0.3240333 -0.2603828 -0.0329945 0.3756991 0.0036142 0.9261472
162.305216 -0.3305492 -0.2736121 -0.1003490 -0.0176784 0.3518479 0.0064350 0.9358681
163.038972 -0.3030978 -0.2491722 0.0622341 -0.0201015 0.3815763 0.0002139 0.9241187
164.473308 -0.2581527 -0.2385144 0.3668910 -0.0257298 0.2651557 0.0027597 0.9638583
164.906944 -0.2432375 -0.2353477 0.4623939 -0.0172732 0.1872497 0.0041333 0.9821518
165.474000 -0.2263837 -0.2323971 0.5828533 -0.0184268 0.0708501 0.0077359 0.9972867
165.907617 -0.2154711 -0.2291255 0.6727459 -0.0142690 -0.0226756 0.0149802 0.9995288
166.341234 -0.1990897 -0.2293396 0.7511893 0.0289869 -0.0831793 -0.0001571 0.9961129
166.874861 -0.1860214 -0.2275039 0.7894496 0.0239016 -0.1469797 -0.0099032 0.9888011
167.408482 -0.1922210 -0.2364841 0.7737898 -0.0090395 -0.2135404 -0.0002753 0.9768924
167.975694 -0.2063566 -0.2514575 0.7508157 -0.0131902 -0.2979623 0.0185313 0.9543066
169.009896 -0.2117521 -0.2425145 0.7304710 -0.0117399 -0.4795074 0.0138970 0.8773493
170.711312 -0.1958584 -0.2274193 0.7352549 -0.0026119 -0.6424562 0.0025939 0.7663136
171.345135 -0.1951487 -0.1707839 0.6925520 0.0142879 -0.6478766 -0.0365074 0.7607358
172.245707 -0.2452464 -0.1016829 0.5000511 0.0220888 -0.7496897 -0.0066813 0.6613870
173.112937 -0.2612880 -0.0922302 0.2871661 -0.0029884 -0.8683316 0.0126446 0.4958139
174.013769 -0.2882907 -0.1005970 0.0356410 0.0115291 -0.9559776 0.0208606 0.2924704
175.014565 -0.2907148 -0.1127588 -0.2085640 0.0057342 -0.9976428 0.0106115 0.0675536
175.748506 -0.3137163 -0.1117668 -0.3707125 -0.0049407 -0.9982089 0.0188928 0.0565473
176.382544 -0.3460546 -0.1172736 -0.4769461 0.0140100 -0.9978717 0.0636463 0.0022314
177.750076 -0.3440356 -0.1101370 -0.4427296 -0.0037711 0.9848456 -0.0031582 0.1733638
178.483860 -0.3330830 -0.1070214 -0.4302073 -0.0048643 0.9470232 -0.0075651 0.3210395
179.217701 -0.3331599 -0.1061246 -0.4249227 -0.0091766 0.9020435 -0.0064316 0.4314998
179.684677 -0.3358798 -0.1075594 -0.4245968 -0.0148633 0.8511851 -0.0084390 0.5245872
180.251708 -0.3319620 -0.1147774 -0.4206956 -0.0150600 0.7465011 -0.0150586 0.6650432
180.852098 -0.3307323 -0.1201865 -0.4070239 -0.0030780 0.7059664 0.0016670 0.7082366
181.752666 -0.3599640 -0.2296251 -0.2796752 -0.0237881 0.6549851 -0.0188467 0.7550321
183.053460 -0.4617425 -0.2617470 0.0356126 -0.0161020 0.5414103 -0.0083843 0.8405625
183.687183 -0.5247219 -0.2595994 0.1792081 -0.0052891 0.4916901 0.0132874 0.8706529
188.257037 -0.5251583 -0.2973699 0.2182759 0.0006019 0.6930252 -0.0032119 0.7209059
189.157590 -0.5250754 -0.2937422 0.2083114 -0.0018029 0.7113664 -0.0098266 0.7027503
196.830977 -0.5820825 -0.2848849 0.2379273 0.0030991 -0.1543016 0.0205086 0.9878060
197.798137 -0.5783867 -0.2821538 0.2290013 -0.0106607 -0.2660328 0.0056413 0.9638885
198.531935 -0.5853103 -0.2833858 0.2155223 -0.0075987 -0.4548743 0.0144415 0.8904061
199.266073 -0.6017977 -0.2844587 0.1976792 0.0102290 -0.6821463 0.0161942 0.7309650
200.566828 -0.5917016 -0.2843783 0.1638854 0.0064261 -0.8854324 0.0226644 0.4641708
201.633925 -0.5637264 -0.2797518 0.1529309 -0.0039500 -0.9448832 0.0206319 0.3267330
202.834476 -0.5459760 -0.2794802 0.1607290 0.0011986 -0.9900621 0.0204751 0.1391276
204.968803 -0.5282938 -0.2813345 0.1810519 -0.0009592 0.9852693 -0.0153351 0.1703182
206.037102 -0.5087773 -0.2803019 0.1961402 0.0024852 0.9262245 -0.0173052 0.3765668
207.038458 -0.5126828 -0.2806186 0.2189663 -0.0014343 0.8308051 -0.0111888 0.5564493
208.206040 -0.5235903 -0.2801583 0.2281356 -0.0020937 0.7553412 -0.0037851 0.6553175
209.306844 -0.5302473 -0.2779174 0.2226761 -0.0037894 0.7362792 -0.0019805 0.6766644
218.182400 -0.5859173 -0.2826569 0.2575274 0.0087719 0.0845686 0.0193186 0.9961918
224.816901 -0.5881618 -0.2810590 0.1742738 0.0057213 -0.8401609 0.0295026 0.5415040
226.083663 -0.5394828 -0.2821252 0.1573192 -0.0096141 -0.9643307 0.0197462 0.2637876
226.583680 -0.5285439 -0.2785030 0.1512942 -0.0085786 -0.9920725 0.0286953 0.1220465
227.383740 -0.5225217 -0.2762235 0.1689234 -0.0079926 0.9885169 -0.0178895 0.1498347
228.317181 -0.5129238 -0.2796374 0.1986104 -0.0026792 0.8905789 -0.0138749 0.4546093
234.657242 -0.5336491 -0.2850425 0.2316746 -0.0093588 0.4970362 -0.0052709 0.8676633
237.499900 -0.5279083 -0.2952970 0.2250228 -0.0024845 0.5702273 -0.0079391 0.8214449
241.966045 -0.6140118 -0.2737167 0.2343770 -0.0004699 -0.2170306 0.0310439 0.9756710
243.299126 -0.5922070 -0.2731909 0.2146382 -0.0144308 -0.3646368 0.0169348 0.9308840
244.969268 -0.5909463 -0.2756475 0.1623504 -0.0051447 -0.8062591 0.0394197 0.5902254
246.873525 -0.5475818 -0.2878851 0.1684571 -0.0045494 -0.9550291 0.0174220 0.2959649
247.606153 -0.5431876 -0.2836188 0.1676717 0.0009487 -0.9903601 0.0227789 0.1366274
248.738450 -0.5250617 -0.2818411 0.1730045 -0.0050612 0.9865658 -0.0220218 0.1617944
253.272559 -0.5315298 -0.2823824 0.1858277 -0.0141446 0.9096168 -0.0174154 0.4148422
255.305690 -0.5210711 -0.2797910 0.2530001 0.0107393 0.6794293 -0.0006457 0.7336621
256.738801 -0.5356507 -0.2806548 0.2244381 -0.0105960 0.6199817 0.0016582 0.7845430
257.905304 -0.5347362 -0.2784297 0.2468363 0.0014803 0.4416859 0.0050806 0.8971542
259.038498 -0.5576713 -0.2792845 0.2439895 -0.0083735 0.2669697 0.0039188 0.9636606
259.906777 -0.5679725 -0.2841169 0.2353369 -0.0145657 0.1206727 0.0017239 0.9925840
261.113136 -0.5691595 -0.2850207 0.2482582 0.0058356 0.0505156 0.0662020 0.9965097
263.449219 -0.1250616 -0.2760551 0.1656243 -0.0080257 0.0855738 0.0094955 0.9962543
264.549501 0.0356767 -0.2767140 0.1396938 -0.0076069 0.0618621 -0.0237108 0.9977741
266.783318 0.0074193 -0.2856281 0.1426117 -0.0021188 0.0231272 0.0105364 0.9996747
269.117308 0.0149927 -0.2783322 0.1488499 0.0076894 0.0837250 0.0202482 0.9962536
269.917158 0.0269330 -0.2755947 0.1377588 -0.0019013 0.1300929 0.0150957 0.9913851
271.650658 0.0243174 -0.2831626 0.1389902 -0.0028211 0.1032833 0.0175208 0.9944937
274.416960 0.0124407 -0.2424891 0.1424225 0.0014913 0.0247360 0.0166896 0.9995536
275.550167 0.0095521 0.0108238 0.1400645 -0.0073097 0.0175287 0.0136183 0.9997269
276.519572 0.0257280 0.0167621 0.1244883 0.0151491 0.0087657 0.0420169 0.9989636
