248.538649 0.0000000 0.0000000 0.0000000 -0.0000000 -0.0000000 -0.0000000 1.0000000
248.904957 -0.0085940 0.0018933 -0.0015760 0.0006136 -0.1189171 0.0040231 0.9928958
249.071453 -0.0103616 0.0019447 -0.0026880 -0.0015518 -0.1573094 0.0045629 0.9875376
252.471943 0.0083591 -0.0034149 -0.0000183 -0.0006163 -0.1711826 -0.0033474 0.9852335
252.639312 0.0076082 -0.0030453 -0.0000278 0.0015547 -0.1853975 -0.0062356 0.9826426
253.005956 0.0031722 -0.0000322 -0.0035656 -0.0044442 -0.2600881 -0.0076474 0.9655444
253.205910 -0.0011167 0.0012590 -0.0068445 -0.0052871 -0.3082844 -0.0033639 0.9512736
253.405855 -0.0070024 0.0027632 -0.0112672 -0.0046620 -0.3599922 0.0010717 0.9329431
253.639113 -0.0120138 0.0030028 -0.0165514 -0.0072990 -0.4271138 0.0056862 0.9041505
253.872457 -0.0189296 0.0026698 -0.0252097 -0.0082002 -0.4885585 0.0132163 0.8723925
254.072459 -0.0180690 0.0029127 -0.0264517 -0.0078975 -0.5445309 0.0199462 0.8384663
254.639097 -0.0242246 0.0034044 -0.0457206 -0.0076789 -0.6681626 0.0282788 0.7434379
254.905745 -0.0230938 0.0028913 -0.0487217 -0.0082273 -0.6734123 0.0297476 0.7386225
255.339018 -0.0186260 0.0026042 -0.0480788 -0.0127516 -0.6627246 0.0337065 0.7479956
256.238890 -0.0051067 0.0010419 -0.0325502 -0.0162330 -0.6671814 0.0090535 0.7446634
256.505506 -0.0044824 0.0019461 -0.0319539 -0.0146602 -0.6960025 0.0058889 0.7178655
256.772133 -0.0058474 0.0021213 -0.0328573 -0.0157378 -0.7246083 0.0126568 0.6888651
257.072103 -0.0088771 0.0024596 -0.0361767 -0.0123637 -0.7533901 0.0193340 0.6571732
258.438547 -0.0002759 0.0011580 -0.0521135 -0.0131533 -0.9062959 0.0294195 0.4214134
258.738497 0.0036303 0.0014087 -0.0488248 -0.0123262 -0.9200202 0.0217554 0.3910725
259.005166 0.0058839 0.0005386 -0.0454372 -0.0082838 -0.9317824 0.0173497 0.3625079
259.671708 0.0078543 0.0034751 -0.0391566 0.0024015 -0.9727387 0.0079366 0.2317555
259.873190 0.0078115 0.0035617 -0.0389076 -0.0009599 -0.9768546 0.0131178 0.2135000
261.313107 0.0091723 0.0017492 -0.0456547 -0.0489007 -0.9804045 0.0306135 0.1883575
261.546396 0.0121547 -0.0012345 -0.0537656 -0.0293909 -0.9769067 0.0215377 0.2105365
261.813309 0.0157751 -0.0049496 -0.0651798 -0.0252014 -0.9758633 0.0194846 0.2160465
262.114049 0.0193112 -0.0094608 -0.0793068 -0.0272968 -0.9636129 0.0212313 0.2650555
262.348004 0.0229044 -0.0104410 -0.0900732 -0.0290398 -0.9491633 0.0176574 0.3129441
262.548568 0.0253676 -0.0114660 -0.0985788 -0.0230098 -0.9431190 0.0169673 0.3312237
262.748655 0.0273359 -0.0124034 -0.1073382 -0.0196246 -0.9407225 0.0188954 0.3380817
263.048893 0.0307588 -0.0152761 -0.1203689 -0.0171558 -0.9302420 0.0222774 0.3658677
263.415859 0.0344525 -0.0180679 -0.1357509 -0.0213188 -0.9096135 0.0150276 0.4146359
263.649420 0.0378338 -0.0181381 -0.1420528 -0.0280691 -0.8991175 0.0130952 0.4366100
263.849488 0.0403077 -0.0186153 -0.1463900 -0.0174387 -0.8948815 0.0055815 0.4459281
264.082834 0.0426741 -0.0193403 -0.1506784 0.0013653 -0.8886137 -0.0018314 0.4586507
266.883410 0.0433636 -0.0193605 -0.1524340 -0.0181997 -0.9029029 0.0249690 0.4287328
268.084145 0.0431756 -0.0194077 -0.1525794 -0.0180932 -0.9104565 0.0311971 0.4120295
269.717143 0.0445417 -0.0201217 -0.1537902 -0.0268090 -0.8470548 0.0248402 0.5302475
270.183835 0.0454129 -0.0201999 -0.1538647 -0.0266342 -0.8514921 0.0115834 0.5235625
274.616914 0.0442850 -0.0212184 -0.1527617 -0.0471464 -0.8976072 -0.0100942 0.4381514
274.916887 0.0450055 -0.0224262 -0.1522354 -0.0692046 -0.8958822 -0.0339599 0.4375529
275.183540 0.0455689 -0.0242175 -0.1525986 -0.0841318 -0.8984042 -0.0556636 0.4274263
275.450180 0.0470440 -0.0243472 -0.1497504 -0.0986006 -0.9010004 -0.0709191 0.4164693
275.817144 0.0443040 -0.0299183 -0.1550273 -0.1028362 -0.8918158 -0.0942838 0.4303485
