20.256959 0.0000000 0.0000000 0.0000000 -0.0000000 -0.0000000 -0.0000000 1.0000000
20.390296 0.0131495 -0.0018929 0.0007684 0.0005883 0.0184295 -0.0093529 0.9997863
21.756459 0.2114690 -0.0251702 0.0420887 0.0120234 0.1291515 -0.0418873 0.9906669
22.022886 0.2528999 -0.0284972 0.0535295 0.0174282 0.1572596 -0.0420409 0.9865081
22.056187 0.2580167 -0.0293951 0.0548019 0.0179632 0.1613846 -0.0413208 0.9858626
22.222732 0.2832446 -0.0313971 0.0618895 0.0191861 0.1837639 -0.0406161 0.9819435
22.356015 0.3033614 -0.0334314 0.0674035 0.0186692 0.2019535 -0.0399038 0.9784038
22.489294 0.3240062 -0.0354755 0.0724721 0.0183636 0.2208861 -0.0397066 0.9743180
22.722522 0.3595710 -0.0393148 0.0816419 0.0209433 0.2659177 -0.0384085 0.9630026
22.989055 0.4013680 -0.0440184 0.0905340 0.0244675 0.3187992 -0.0376643 0.9467576
23.122316 0.4220970 -0.0467642 0.0948614 0.0257790 0.3441069 -0.0377238 0.9378181
23.256133 0.4430447 -0.0492622 0.0979361 0.0264858 0.3715013 -0.0393513 0.9272199
23.559289 0.4911617 -0.0546436 0.1021921 0.0264773 0.4459150 -0.0475500 0.8934192
23.694074 0.5118715 -0.0575940 0.1032254 0.0321721 0.4805946 -0.0601957 0.8742827
23.997450 0.5505074 -0.0631489 0.1021374 0.0430996 0.5502771 -0.0804593 0.8299782
24.229078 0.5698580 -0.0649612 0.1020243 0.0469307 0.5945578 -0.0817450 0.7985087
24.630563 0.5817234 -0.0671395 0.1053316 0.0512301 0.6697801 -0.0661762 0.7378285
24.997619 0.5757983 -0.0672513 0.1078057 0.0532892 0.7397093 -0.0458685 0.6692432
25.164419 0.5715321 -0.0672617 0.1100032 0.0522823 0.7662669 -0.0370106 0.6393213
25.597045 0.5553366 -0.0671915 0.1094360 0.0464765 0.8243706 -0.0237078 0.5636408
25.730090 0.5549375 -0.0671095 0.1100083 0.0443534 0.8420540 -0.0223378 0.5371024
26.129153 0.5469470 -0.0665021 0.1049069 0.0420836 0.8933427 -0.0186484 0.4470123
26.295508 0.5464094 -0.0686804 0.1030754 0.0404584 0.9128053 -0.0155859 0.4060871
26.961268 0.5480448 -0.0697866 0.0979230 0.0440650 0.9627159 -0.0103541 0.2667005
27.629530 0.5487921 -0.0698815 0.0973582 0.0474457 0.9662893 -0.0036488 0.2530229
27.931190 0.5571336 -0.0689420 0.1014878 0.0504876 0.9693499 -0.0025201 0.2404275
28.798246 0.5644858 -0.0690922 0.0948215 0.0530745 0.9955457 -0.0009838 0.0779158
29.298597 0.5643267 -0.0692205 0.0941789 -0.0546890 -0.9959465 0.0026299 0.0713631
29.964697 0.5643024 -0.0692506 0.0940684 -0.0602572 -0.9776574 -0.0207520 0.2003108
30.097897 0.5643440 -0.0692125 0.0940806 -0.0721769 -0.9724780 -0.0692536 0.2104306
30.231100 0.5643286 -0.0691473 0.0940137 -0.0702431 -0.9701445 -0.0751169 0.2196429
30.331066 0.5643189 -0.0691855 0.0939244 -0.0693067 -0.9696350 -0.0683666 0.2243450
30.897500 0.5641560 -0.0690345 0.0931153 -0.0524452 -0.9698779 -0.0434371 0.2338794
42.002288 0.0124349 -0.0824995 -0.3298645 -0.0064860 -0.0318950 -0.0609490 0.9976101
42.135769 0.0093319 -0.0845026 -0.3066760 -0.0028702 0.0038563 -0.0606174 0.9981495
42.169139 0.0086612 -0.0849117 -0.3010121 -0.0028079 0.0135584 -0.0588332 0.9981718
42.202510 0.0080368 -0.0857388 -0.2953839 -0.0027823 0.0233412 -0.0584835 0.9980116
42.235878 0.0079882 -0.0852813 -0.2894523 -0.0008163 0.0326277 -0.0589721 0.9977260
42.636506 -0.0022817 -0.0874669 -0.2222665 0.0062490 0.1215915 -0.0617135 0.9906402
43.070550 -0.0161162 -0.0883195 -0.1527615 0.0042478 0.1589027 -0.0620493 0.9853333
44.938478 -0.0955234 -0.0881230 0.1427009 -0.0077575 0.1506253 -0.0550313 0.9870276
45.272006 -0.1048771 -0.0888312 0.1983704 -0.0015885 0.1751819 -0.0560455 0.9829383
45.538873 -0.1126668 -0.0875026 0.2450579 0.0021205 0.2006136 -0.0526121 0.9782544
46.105963 -0.1241041 -0.0879327 0.3459473 0.0162656 0.3084931 -0.0480760 0.9498717
46.673216 -0.1277705 -0.0866751 0.4396280 0.0199093 0.4522524 -0.0544174 0.8900057
47.073677 -0.1298354 -0.0864400 0.5052915 0.0291032 0.5274174 -0.0426617 0.8480352
47.507342 -0.1300755 -0.0880882 0.5670828 0.0677508 0.5983085 -0.0156306 0.7982433
47.974233 -0.1264837 -0.0896986 0.5915110 0.0667838 0.6906028 -0.0105348 0.7200672
48.508632 -0.1201130 -0.0913130 0.5787842 0.0564605 0.7881909 -0.0216132 0.6124542
48.809967 -0.1178968 -0.0919326 0.5660751 0.0518943 0.8371803 -0.0255271 0.5438607
49.312263 -0.1202103 -0.0893652 0.5471115 0.0486510 0.9027790 -0.0273806 0.4264663
49.712300 -0.1197138 -0.0881946 0.5424008 0.0455428 0.9364704 -0.0205546 0.3471692
49.878974 -0.1198847 -0.0881403 0.5425887 0.0473305 0.9435606 -0.0149397 0.3274601
49.978977 -0.1200250 -0.0879244 0.5429115 0.0669003 0.9452794 -0.0020199 0.3193230
50.145644 -0.1203034 -0.0877319 0.5430530 0.1062271 0.9459002 0.0332839 0.3047635
50.378990 -0.1193268 -0.0873392 0.5414028 0.0857070 0.9501282 0.0248333 0.2988210
50.645681 -0.1120564 -0.0915149 0.5317774 0.0697615 0.9491246 0.0163144 0.3066427
50.912361 -0.1040837 -0.0952048 0.5218993 0.0637812 0.9503522 0.0091626 0.3044319
51.145697 -0.0980121 -0.0981276 0.5141638 0.0575148 0.9620323 0.0143051 0.2664230
51.412372 -0.0888590 -0.1023863 0.5031930 0.0471659 0.9794528 0.0227469 0.1947567
51.679050 -0.0877424 -0.1029010 0.5016901 0.0378749 0.9917873 0.0283909 0.1188165
51.912385 -0.0852326 -0.1040783 0.4986268 0.0346853 0.9975262 0.0370546 0.0486347
52.079046 -0.0795803 -0.1045333 0.4955244 -0.0363901 -0.9984717 -0.0408460 0.0078531
52.279033 -0.0779810 -0.1034722 0.4924213 -0.0360913 -0.9966760 -0.0419942 0.0597564
52.445873 -0.0782740 -0.1033992 0.4919671 -0.0338817 -0.9951739 -0.0451231 0.0802802
52.579375 -0.0784343 -0.1033789 0.4915903 -0.0294512 -0.9944068 -0.0496071 0.0884694
52.712878 -0.0785157 -0.1032994 0.4912532 -0.0288673 -0.9943603 -0.0504322 0.0887183
52.813006 -0.0785383 -0.1032478 0.4910783 -0.0288950 -0.9945866 -0.0508093 0.0859122
52.913135 -0.0785736 -0.1031956 0.4909019 -0.0319424 -0.9950472 -0.0498255 0.0798630
53.013264 -0.0786085 -0.1031333 0.4907101 -0.0327600 -0.9955333 -0.0467109 0.0752217
53.580414 -0.0787775 -0.1027932 0.4897434 -0.0468303 -0.9933233 -0.0417925 0.0967940
53.780480 -0.0788373 -0.1026811 0.4894085 -0.0472817 -0.9922690 -0.0399242 0.1075766
54.113919 -0.0789114 -0.1024635 0.4888504 -0.0416086 -0.9916366 -0.0427071 0.1144623
58.081216 -0.5607464 0.0526371 -0.1204239 -0.0551075 -0.8300942 -0.0285947 0.5541563
58.648390 -0.5789299 0.0503547 -0.1154696 -0.0446525 -0.7736299 -0.0297422 0.6313623
58.681761 -0.5799400 0.0501430 -0.1153266 -0.0443652 -0.7717214 -0.0303722 0.6336839
58.948728 -0.5862178 0.0488725 -0.1157166 -0.0432028 -0.7553788 -0.0327892 0.6530401
59.082215 -0.5887911 0.0482860 -0.1150388 -0.0418398 -0.7438224 -0.0309795 0.6663467
59.148959 -0.5888444 0.0482863 -0.1150778 -0.0409988 -0.7350230 -0.0308718 0.6760970
59.215704 -0.5889919 0.0482758 -0.1150803 -0.0405895 -0.7244202 -0.0310015 0.6874641
59.916271 -0.5971665 0.0464133 -0.1141298 -0.0348962 -0.5632823 -0.0322675 0.8248965
60.083060 -0.5952024 0.0469195 -0.1147820 -0.0071707 -0.5301913 0.0226657 0.8475447
60.249848 -0.5931202 0.0471804 -0.1148497 -0.0072956 -0.4942915 0.0165925 0.8691072
60.416648 -0.5700271 0.0533723 -0.1239225 -0.0106501 -0.4442069 0.0004365 0.8958609
60.650186 -0.5369326 0.0629001 -0.1392408 -0.0113552 -0.3721238 -0.0225264 0.9278402
60.917085 -0.4958151 0.0614023 -0.1391491 -0.0175638 -0.3151414 -0.0324375 0.9483276
61.183983 -0.4545728 0.0606072 -0.1383717 -0.0183289 -0.2669591 -0.0338373 0.9629392
61.684088 -0.3762590 0.0574175 -0.1340471 -0.0183346 -0.1985077 -0.0367545 0.9792383
61.817405 -0.3563417 0.0558424 -0.1314114 -0.0174443 -0.1788956 -0.0381209 0.9829745
62.283992 -0.2889494 0.0491449 -0.1159745 -0.0112133 -0.1740371 -0.0416179 0.9837953
62.817419 -0.2150845 0.0426075 -0.0943045 -0.0161327 -0.2109322 -0.0365884 0.9766825
63.150808 -0.1697349 0.0371056 -0.0743108 -0.0098052 -0.2123271 -0.0360258 0.9764851
63.750830 -0.0713802 0.0273732 -0.0348310 -0.0124103 -0.0553025 -0.0618778 0.9964731
64.050802 -0.0280089 0.0215657 -0.0156984 -0.0006497 0.0038680 -0.0984151 0.9951378
64.517794 0.0023593 0.0200773 0.0047738 0.0111838 0.0517747 -0.0940520 0.9941572
66.220092 -0.0340303 0.0265582 0.0082117 0.0067124 0.1481798 -0.0497631 0.9876849
67.187025 -0.0218145 0.0239432 0.0027359 0.0073901 0.2391534 -0.0589278 0.9691638
68.320828 -0.0140042 0.0225545 0.0149956 0.0306861 0.3934144 -0.0423507 0.9178725
68.587738 -0.0140823 0.0227909 0.0149345 0.0281075 0.4219485 -0.0477219 0.9049265
69.888876 -0.0142668 0.0223022 0.0068571 0.0137232 0.3285598 -0.0553837 0.9427581
70.455910 -0.0083396 0.0229671 0.0032099 0.0213826 0.3820730 -0.0529021 0.9223689
71.389600 -0.0078963 0.0246669 0.0046960 0.0314078 0.6612136 -0.0255457 0.7491046
72.469589 0.0034313 0.0183884 0.0091823 0.0451910 0.6495553 -0.0388133 0.7579770
73.368772 0.0150536 0.0323974 0.0014814 0.0452466 0.7420885 -0.0366036 0.6677706
73.935358 0.0294807 0.1325364 0.0121214 0.0519310 0.7367219 -0.0363487 0.6732182
74.668555 0.0390178 0.2206145 0.0197695 0.0458153 0.7612233 -0.0268864 0.6463104
75.334986 0.0402373 0.2193779 0.0209871 0.0471151 0.7586475 -0.0270195 0.6492335
