1.044361 0.0102216 0.3595912 -0.0507385 -0.0109652 -0.9550830 0.0034162 0.2961159
8.775173 0.0088993 0.3306917 -0.0548707 -0.0060718 -0.9605904 -0.0205095 0.2771436
8.908467 0.0124066 0.2879116 -0.0656681 -0.0041576 -0.9668515 -0.0093787 0.2551330
9.008435 0.0112645 0.2543446 -0.0720340 -0.0031989 -0.9718912 0.0014160 0.2354047
9.075079 0.0106352 0.2347216 -0.0762806 -0.0023615 -0.9749392 0.0067450 0.2223566
9.175043 0.0106883 0.2095214 -0.0822550 -0.0025173 -0.9791377 0.0107167 0.2028998
9.308325 0.0111224 0.1832276 -0.0908112 -0.0032030 -0.9842080 0.0115330 0.1766104
9.441611 0.0121047 0.1627231 -0.0982343 -0.0050035 -0.9886671 0.0117313 0.1495820
9.575008 0.0144127 0.1472590 -0.1049066 -0.0062965 -0.9924319 0.0122175 0.1220243
9.908492 0.0202610 0.1302380 -0.1186134 -0.0114674 -0.9963391 0.0213094 0.0819932
9.941839 0.0210827 0.1275336 -0.1192203 -0.0091782 -0.9970272 0.0231755 0.0729081
10.108576 0.0264212 0.1015842 -0.1206985 -0.0066726 -0.9989038 0.0395693 0.0241042
10.308656 0.0333320 0.0699914 -0.1161282 0.0072902 0.9985338 -0.0423558 0.0329094
10.442051 0.0382593 0.0553898 -0.1095677 0.0093003 0.9971820 -0.0336293 0.0664127
10.642522 0.0444769 0.0388578 -0.0949438 0.0124913 0.9936041 -0.0178425 0.1107993
10.843024 0.0512096 0.0258830 -0.0792377 0.0171171 0.9884042 -0.0065202 0.1507370
10.976709 0.0547950 0.0190289 -0.0691081 0.0200733 0.9840949 -0.0011026 0.1765022
11.210690 0.0583532 0.0089180 -0.0536493 0.0206832 0.9749727 0.0021924 0.2213497
11.778024 0.0644843 -0.0102289 -0.0321412 0.0149801 0.9401526 0.0044716 0.3403948
12.078009 0.0648286 -0.0157080 -0.0297861 0.0111452 0.9148032 0.0018932 0.4037417
12.411306 0.0628963 -0.0188546 -0.0269089 0.0104675 0.8837557 -0.0059749 0.4677933
12.645269 0.0630864 -0.0205286 -0.0273576 0.0094281 0.8606698 -0.0078786 0.5090153
12.879359 0.0626103 -0.0210570 -0.0271907 0.0071178 0.8332645 -0.0081176 0.5527692
13.113501 0.0642698 -0.0204764 -0.0273469 0.0063228 0.8025006 -0.0098187 0.5965370
13.981713 0.0641094 -0.0227969 -0.0105944 0.0116000 0.6719605 -0.0080734 0.7404522
14.181834 0.0624931 -0.0237386 -0.0053429 0.0120413 0.6418985 -0.0058897 0.7666725
14.482011 0.0577834 -0.0237728 0.0027973 0.0103959 0.5966824 -0.0058017 0.8023892
15.182385 0.0511147 -0.0206066 0.0097720 0.0079086 0.4950325 -0.0058359 0.8688189
15.282437 0.0491688 -0.0186910 0.0100255 0.0094646 0.4813209 -0.0061623 0.8764717
15.349138 0.0479029 -0.0188782 0.0101708 0.0079687 0.4722001 -0.0072077 0.8814259
18.451025 0.0000000 0.0000000 0.0000000 -0.0000000 -0.0000000 -0.0000000 1.0000000
19.151595 -0.0044075 0.0028449 -0.0091025 0.0000587 -0.0546909 0.0030895 0.9984986
19.184956 -0.0041744 0.0028224 -0.0091778 0.0003033 -0.0582858 0.0028910 0.9982957
19.285040 -0.0059483 -0.0021207 -0.0109200 -0.0011433 -0.0675520 0.0016663 0.9977137
20.185641 -0.0163161 -0.0051208 -0.0159977 -0.0512357 -0.1837105 -0.0594613 0.9798417
20.485826 -0.0491177 -0.0051713 -0.0022750 -0.0402622 -0.2228074 -0.0380656 0.9732866
20.619240 -0.0711939 -0.0046257 0.0075356 -0.0299830 -0.2380296 -0.0267457 0.9704265
20.685947 -0.0835661 -0.0044360 0.0133411 -0.0263683 -0.2446802 -0.0204172 0.9690301
20.852713 -0.1148121 -0.0032814 0.0284384 -0.0221061 -0.2616662 -0.0128708 0.9648194
21.052831 -0.1546749 -0.0025028 0.0477400 -0.0194983 -0.2903685 -0.0101927 0.9566620
21.419712 -0.2273814 -0.0007873 0.0836764 -0.0200773 -0.3468007 -0.0038952 0.9377159
21.619879 -0.2669070 -0.0005429 0.1045134 -0.0178242 -0.3739597 -0.0017890 0.9272719
21.820055 -0.3062816 -0.0002476 0.1246402 -0.0172306 -0.4047149 -0.0017868 0.9142788
22.020232 -0.3445516 -0.0004994 0.1460604 -0.0156889 -0.4346384 0.0040438 0.9004593
22.153684 -0.3698338 -0.0003590 0.1605840 -0.0166644 -0.4546212 0.0049847 0.8905150
22.420589 -0.4176094 -0.0015582 0.1891959 0.0048094 -0.4878967 0.0164292 0.8727335
22.654065 -0.4525382 -0.0026023 0.2118933 0.0247527 -0.5153610 0.0259814 0.8562216
23.154343 -0.4858978 -0.0016814 0.2382240 0.0323931 -0.5406327 0.0186861 0.8404272
23.854793 -0.4600442 0.0023661 0.2325486 -0.0110928 -0.4630982 0.0052609 0.8862219
24.355155 -0.4439295 0.0024011 0.2230773 -0.0230503 -0.4353854 0.0026513 0.8999451
25.022219 -0.4450797 0.0010041 0.2284327 -0.0128236 -0.4764846 0.0098942 0.8790337
25.722732 -0.4499889 0.0036815 0.2384901 0.0034714 -0.5711649 0.0026414 0.8208237
25.789467 -0.4500431 0.0040322 0.2383175 0.0023328 -0.5812393 0.0022531 0.8137262
26.556916 -0.4499760 0.0059335 0.2141586 -0.0090944 -0.7084371 0.0088740 0.7056596
26.857119 -0.4518190 0.0044387 0.2025437 -0.0111808 -0.7478335 0.0132312 0.6636603
27.857784 -0.4535887 -0.0076727 0.1986325 -0.0105011 -0.7293805 0.0105168 0.6839468
28.191334 -0.4520942 -0.0065951 0.1994203 -0.0071236 -0.7624267 0.0090120 0.6469727
28.525156 -0.4544492 -0.0054496 0.1980271 -0.0055493 -0.8061533 0.0143192 0.5915075
29.028508 -0.4450448 -0.0034989 0.1904546 -0.0011134 -0.8890519 0.0163494 0.4575133
29.297073 -0.4361560 -0.0027042 0.1841940 0.0018407 -0.9266660 0.0187231 0.3754147
29.565165 -0.4328056 -0.0024509 0.1836228 0.0021584 -0.9489992 0.0170419 0.3148101
29.731950 -0.4300677 -0.0022329 0.1853790 -0.0018895 -0.9582888 0.0151625 0.2853929
29.932091 -0.4273133 -0.0010362 0.1859193 -0.0026737 -0.9676185 0.0152903 0.2519394
45.203638 -0.7560271 0.0919916 -0.1275169 0.0342484 -0.3661947 -0.0620512 0.9278352
45.270559 -0.7607186 0.0812917 -0.1320997 0.0358385 -0.3785053 -0.0634497 0.9227262
45.304022 -0.7635820 0.0760206 -0.1344680 0.0359189 -0.3847470 -0.0620291 0.9202347
45.370949 -0.7695727 0.0669953 -0.1412824 0.0341307 -0.3962769 -0.0603578 0.9155090
45.437881 -0.7765011 0.0588550 -0.1491753 0.0305985 -0.4074532 -0.0551583 0.9110451
45.538169 -0.7879035 0.0487716 -0.1639113 0.0238254 -0.4237887 -0.0472011 0.9042166
45.671622 -0.8034769 0.0371778 -0.1862069 0.0182888 -0.4455597 -0.0375387 0.8942779
45.771712 -0.8163867 0.0291665 -0.2042736 0.0151415 -0.4627282 -0.0315409 0.8858095
45.871803 -0.8304961 0.0224825 -0.2234690 0.0122781 -0.4810817 -0.0275285 0.8761575
46.005259 -0.8500246 0.0145808 -0.2495762 0.0084166 -0.5058240 -0.0237356 0.8622690
46.138716 -0.8690075 0.0081105 -0.2770620 0.0057410 -0.5288891 -0.0204233 0.8484258
46.338905 -0.8962393 0.0011502 -0.3189634 0.0010158 -0.5566698 -0.0194739 0.8305050
46.539081 -0.9226080 -0.0034238 -0.3616588 -0.0011288 -0.5816701 -0.0196101 0.8131876
46.739188 -0.9485196 -0.0061177 -0.4044069 -0.0053666 -0.6062568 -0.0165466 0.7950787
46.972642 -0.9799592 -0.0080541 -0.4525291 -0.0067191 -0.6267283 -0.0178676 0.7790040
47.272793 -1.0221188 -0.0070669 -0.5096331 -0.0128580 -0.6389681 0.0067359 0.7690963
47.806579 -1.0842410 -0.0088862 -0.5682969 -0.0052722 -0.6302525 0.0515726 0.7746574
48.173671 -1.1002827 -0.0107279 -0.5668812 0.0036831 -0.6007405 0.0410967 0.7983786
49.574615 -1.0542181 -0.0137767 -0.5251963 0.0053288 -0.6830247 -0.0155702 0.7302098
49.674661 -1.0515317 -0.0144610 -0.5271222 0.0034146 -0.6916198 -0.0161904 0.7220722
49.808055 -1.0490687 -0.0149672 -0.5289453 0.0014216 -0.6989930 -0.0152664 0.7149641
50.374965 -1.0262392 0.0185158 -0.5403005 0.0306139 -0.6792006 0.0533991 0.7313672
50.741830 -0.9656635 0.0550385 -0.5398850 0.0113017 -0.6474061 0.0247546 0.7616593
51.108720 -0.8912184 0.0795582 -0.5397166 0.0016162 -0.6328568 0.0170833 0.7740787
51.308839 -0.8486708 0.0909963 -0.5416371 -0.0090958 -0.6421717 0.0168161 0.7663224
51.542306 -0.8007284 0.1016982 -0.5429608 -0.0078867 -0.6651202 0.0193013 0.7464451
51.875785 -0.7332965 0.1111682 -0.5434296 -0.0000168 -0.7037030 0.0198318 0.7102175
52.242603 -0.6546537 0.1173303 -0.5468591 -0.0035137 -0.7654665 0.0199013 0.6431583
52.642801 -0.5614398 0.1204742 -0.5559801 0.0025117 -0.8698776 0.0168903 0.4929719
52.842946 -0.5132946 0.1163392 -0.5579677 0.0065310 -0.9098300 0.0184179 0.4145209
53.109808 -0.4485673 0.1187489 -0.5631617 0.0067369 -0.9484265 0.0213908 0.3162028
53.410031 -0.3729823 0.1144572 -0.5679489 0.0139812 -0.9877014 0.0184693 0.1546268
54.043681 -0.2018532 0.1135225 -0.5486664 -0.0102028 0.9902949 -0.0115037 0.1381285
54.443849 -0.0891000 0.1123010 -0.5191833 -0.0046463 0.9499267 -0.0087523 0.3123156
54.810687 0.0111055 0.1100806 -0.4807516 -0.0035476 0.9118014 0.0000990 0.4106163
55.177525 0.1034171 0.1101131 -0.4467047 -0.0034926 0.8763041 0.0111731 0.4816161
55.744449 0.2424110 0.1087823 -0.4089919 -0.0004971 0.8453719 0.0039378 0.5341634
56.211323 0.3505933 0.1075171 -0.3922747 0.0138202 0.8403926 -0.0005094 0.5418016
56.544801 0.4131535 0.1026165 -0.3861411 0.0399264 0.8230893 -0.0217618 0.5660886
56.778269 0.4398016 0.0986727 -0.3825028 0.0444667 0.8031243 -0.0308491 0.5933484
57.378602 0.4481295 0.0958784 -0.3802255 0.0241977 0.7636455 -0.0225324 0.6447887
58.212765 0.4073210 0.1038264 -0.3806643 0.0034489 0.7689861 0.0074199 0.6392131
59.614786 0.4121107 0.1079760 -0.3906110 0.0084979 0.7303251 -0.0111981 0.6829551
60.015027 0.4118624 0.0995892 -0.3848092 -0.0022937 0.6759769 -0.0515873 0.7351114
60.281853 0.3981126 0.0590748 -0.3636461 -0.0037879 0.6239272 -0.0719732 0.7781519
60.515325 0.3728853 0.0349446 -0.3314757 -0.0038753 0.5763134 -0.0483661 0.8157871
60.783275 0.3327631 0.0156351 -0.2858580 -0.0031924 0.5128534 -0.0284096 0.8580000
61.018080 0.2925997 0.0029491 -0.2442048 -0.0033113 0.4731104 -0.0198657 0.8807729
61.320052 0.2406957 -0.0065638 -0.1898470 -0.0021101 0.4444959 -0.0171937 0.8956134
61.487854 0.2119904 -0.0110572 -0.1588711 0.0004481 0.4323614 -0.0165787 0.9015479
61.721872 0.1718661 -0.0167662 -0.1172188 0.0004751 0.4133147 -0.0178716 0.9104127
61.988561 0.1234117 -0.0206356 -0.0682174 0.0045828 0.3708897 -0.0165539 0.9285181
62.155236 0.0925737 -0.0216818 -0.0386356 0.0147299 0.3393507 -0.0042521 0.9405350
62.321908 0.0649002 -0.0225988 -0.0107787 0.0258398 0.3089306 0.0127578 0.9506479
62.488574 0.0408874 -0.0233820 0.0115158 0.0325682 0.2806256 0.0250507 0.9589375
62.688577 0.0184893 -0.0199632 0.0256550 0.0340026 0.2444679 0.0283102 0.9686474
62.855244 0.0044865 -0.0154692 0.0298848 0.0298408 0.2131463 0.0262537 0.9762115
66.022368 -0.0151747 -0.0089076 -0.0145374 -0.0016527 -0.2917705 0.0014560 0.9564859
66.522330 -0.0219620 -0.0094584 -0.0202952 -0.0034691 -0.3725864 0.0048425 0.9279785
66.922369 -0.0210568 -0.0125931 -0.0269098 -0.0067439 -0.4253579 0.0011936 0.9049993
67.355743 -0.0152186 -0.0149009 -0.0366112 -0.0145948 -0.4879676 -0.0026430 0.8727358
67.522419 -0.0144687 -0.0156093 -0.0397010 -0.0159236 -0.5183524 -0.0014466 0.8550177
67.822447 -0.0137198 -0.0168830 -0.0471524 -0.0145784 -0.5859002 -0.0011922 0.8102512
68.155802 -0.0145587 -0.0216348 -0.0573147 -0.0094629 -0.6819592 0.0022922 0.7313254
68.355806 -0.0185272 -0.0271314 -0.0637306 -0.0083229 -0.7365509 0.0028482 0.6763250
68.889164 -0.0178866 -0.0297182 -0.0803265 -0.0066919 -0.8371391 0.0163661 0.5467043
69.122509 -0.0190388 -0.0289600 -0.0840550 -0.0034589 -0.8615153 0.0224404 0.5072235
69.422510 -0.0153764 -0.0259862 -0.0900847 -0.0045726 -0.8803180 0.0249703 0.4737042
69.722509 -0.0107604 -0.0208998 -0.0928827 -0.0110465 -0.8869383 0.0257992 0.4610346
69.822511 -0.0085906 -0.0205008 -0.0921967 -0.0133419 -0.8878295 0.0250519 0.4592963
69.989177 -0.0043313 -0.0200540 -0.0913799 -0.0150150 -0.8914492 0.0226962 0.4523028
71.389112 0.0273981 -0.0305285 -0.0688206 -0.0110789 -0.9778642 0.0122522 0.2085874
71.822709 0.0342386 -0.0279470 -0.0668821 -0.0177180 -0.9856507 0.0168436 0.1670182
73.190289 0.0367315 -0.0203181 -0.0554322 -0.0080590 -0.9970517 0.0154470 0.0747291
74.395468 0.0492944 0.2087501 -0.0552859 -0.0189506 -0.9889364 0.0142713 0.1464314
74.966374 0.0514619 0.3195927 -0.0613053 -0.0156422 -0.9888967 0.0205767 0.1463397
75.471514 0.0501137 0.3585249 -0.0598551 -0.0124024 -0.9859411 0.0055365 0.1665406
76.972715 0.0497470 0.3586874 -0.0600721 -0.0124783 -0.9859416 0.0054348 0.1665347
