0.103221 0.0000000 0.0000000 0.0000000 -0.0000000 -0.0000000 -0.0000000 1.0000000
9.643667 -0.0023303 -0.0149202 -0.0029267 0.0084787 -0.0162315 0.0046158 0.9998217
9.677019 -0.0025173 -0.0210596 -0.0031598 0.0077152 -0.0207075 0.0038013 0.9997486
9.710371 -0.0024775 -0.0284060 -0.0035452 0.0070006 -0.0257763 0.0041181 0.9996347
9.743723 -0.0027350 -0.0367800 -0.0042552 0.0062568 -0.0309984 0.0037571 0.9994928
9.777075 -0.0025847 -0.0462418 -0.0051001 0.0055676 -0.0366645 0.0041100 0.9993037
9.810426 -0.0027650 -0.0564587 -0.0059666 0.0042171 -0.0416478 0.0045228 0.9991132
9.910482 -0.0023079 -0.0879191 -0.0084811 0.0004285 -0.0556148 0.0013016 0.9984514
10.477504 -0.0008896 -0.1954379 -0.0216779 0.0001554 -0.1428775 0.0018814 0.9897386
10.577568 -0.0000330 -0.2036551 -0.0243843 -0.0015591 -0.1510362 0.0009060 0.9885266
10.811048 0.0025941 -0.2122157 -0.0283363 -0.0042975 -0.1605741 0.0007017 0.9870142
11.211282 0.0056330 -0.2293629 -0.0297264 -0.0148089 -0.1554531 -0.0036519 0.9877256
13.312952 -0.0037286 -0.2576322 -0.0210224 -0.0204011 -0.1955985 -0.0132444 0.9803824
16.115419 -0.0073637 -0.2582666 -0.0099908 -0.0118572 -0.1873427 -0.0133210 0.9821327
16.448955 -0.0126247 -0.2556179 -0.0017975 0.0052422 -0.1440089 -0.0025993 0.9895591
17.382893 -0.0152758 -0.2451072 0.0008202 0.0037402 0.1174407 -0.0022883 0.9930702
18.050057 -0.0196254 -0.2495258 -0.0101668 -0.0118607 0.2287785 -0.0042449 0.9733970
18.983877 -0.0233528 -0.2544844 -0.0078300 -0.0055764 0.4710304 0.0030931 0.8820939
19.217605 -0.0223025 -0.2535461 -0.0048129 -0.0027816 0.5118663 0.0064716 0.8590362
19.685223 -0.0203199 -0.2551263 -0.0025287 0.0060792 0.5637996 0.0092731 0.8258373
101.043715 0.0112579 -0.2626194 0.0134714 0.0336660 0.4988807 -0.0220934 0.8657347
101.177138 0.0054756 -0.2848888 0.0156840 0.0644405 0.4972681 -0.0291793 0.8647083
101.243850 0.0011779 -0.2952202 0.0154803 0.0724737 0.4935784 -0.0288449 0.8661963
101.377273 -0.0114683 -0.3144599 0.0136904 0.0696995 0.4823390 -0.0241560 0.8728731
101.477340 -0.0243815 -0.3261297 0.0121556 0.0621746 0.4671209 -0.0135970 0.8819000
101.577406 -0.0398789 -0.3358722 0.0091492 0.0548977 0.4471301 -0.0058764 0.8927634
101.677473 -0.0566647 -0.3451961 0.0034742 0.0466166 0.4215531 -0.0017610 0.9056030
101.777539 -0.0755345 -0.3542687 -0.0028203 0.0418943 0.3943628 0.0019010 0.9179974
102.044382 -0.1280040 -0.3719098 -0.0258993 0.0319800 0.3002467 0.0058197 0.9533076
102.211157 -0.1616895 -0.3821449 -0.0427919 0.0282947 0.2250565 0.0116435 0.9738652
102.611389 -0.2400723 -0.3950642 -0.0911973 0.0258171 0.0328071 0.0155487 0.9990072
102.844850 -0.2803425 -0.3994837 -0.1234685 0.0280054 -0.0769360 0.0174952 0.9964890
103.078309 -0.3161704 -0.4015864 -0.1583299 0.0241503 -0.1722438 0.0097910 0.9847096
103.378469 -0.3530595 -0.4016015 -0.2077186 0.0171001 -0.2742562 0.0007293 0.9615044
103.711989 -0.3859294 -0.4009989 -0.2639435 0.0068151 -0.3661488 -0.0060611 0.9305117
103.978801 -0.4099298 -0.4017001 -0.3076488 0.0006163 -0.4383729 -0.0081365 0.8987561
104.212260 -0.4313851 -0.4011472 -0.3452118 -0.0060391 -0.5049791 -0.0115236 0.8630335
104.512397 -0.4601248 -0.4019102 -0.3911838 -0.0128573 -0.5891735 -0.0095007 0.8078484
104.612445 -0.4699164 -0.4026771 -0.4046173 -0.0176269 -0.6167242 -0.0076215 0.7869450
104.745841 -0.4841931 -0.4024371 -0.4235159 -0.0210883 -0.6530057 -0.0046934 0.7570448
104.879250 -0.4975616 -0.4032699 -0.4390303 -0.0223360 -0.6892062 -0.0063053 0.7241935
105.179451 -0.5285715 -0.4046313 -0.4677126 -0.0102508 -0.7433398 0.0091148 0.6687734
105.513036 -0.5575463 -0.4068166 -0.4844170 0.0016822 -0.7815901 0.0186969 0.6235098
105.679837 -0.5692196 -0.4076013 -0.4867068 0.0042440 -0.7990425 0.0192837 0.6009504
105.813279 -0.5749609 -0.4079562 -0.4878418 0.0060225 -0.8140065 0.0167987 0.5805815
106.380397 -0.5836117 -0.3839426 -0.4386160 -0.0145513 -0.8387986 0.0421035 0.5426162
106.580540 -0.5805852 -0.3759217 -0.4008797 -0.0077646 -0.8376746 0.0235766 0.5456054
106.780684 -0.5763969 -0.3705313 -0.3579131 -0.0052987 -0.8328635 0.0114846 0.5533339
106.980829 -0.5714691 -0.3652800 -0.3137482 -0.0040980 -0.8259447 0.0068646 0.5636947
107.214331 -0.5633940 -0.3602937 -0.2631713 -0.0054020 -0.8250021 0.0018272 0.5651009
107.448929 -0.5549692 -0.3556308 -0.2164288 -0.0103676 -0.8351148 0.0019221 0.5499746
107.685585 -0.5466485 -0.3520320 -0.1717550 -0.0115651 -0.8564798 0.0051476 0.5160253
107.922379 -0.5387518 -0.3483815 -0.1276116 0.0127097 0.8807418 -0.0087452 -0.4733454
108.193169 -0.5302189 -0.3463561 -0.0773188 0.0160059 0.9084237 -0.0071273 -0.4176833
108.462724 -0.5225477 -0.3447770 -0.0248069 0.0178396 0.9315695 -0.0079030 -0.3630396
108.762616 -0.5155095 -0.3454110 0.0354088 0.0180577 0.9535220 -0.0107539 -0.3005894
109.095806 -0.5090707 -0.3470192 0.1055379 0.0154508 0.9745019 -0.0098336 -0.2236306
109.662171 -0.5030429 -0.3451583 0.2264857 0.0084099 0.9944567 -0.0051629 -0.1046830
109.728793 -0.5010511 -0.3461958 0.2401887 0.0087656 0.9961721 -0.0052650 -0.0868134
109.795413 -0.5023746 -0.3446766 0.2553049 0.0080856 0.9977943 -0.0067735 -0.0655382
109.928650 -0.5007095 -0.3464400 0.2829616 0.0089310 0.9997249 -0.0081553 -0.0200994
110.195104 -0.5008299 -0.3460678 0.3374051 0.0072386 0.9970223 -0.0111668 0.0759573
110.494873 -0.5005600 -0.3460216 0.3985450 0.0013924 0.9842629 -0.0111575 0.1763523
110.728040 -0.5015888 -0.3470558 0.4452581 -0.0035929 0.9727650 -0.0071916 0.2316543
110.894576 -0.4993086 -0.3453090 0.4774820 -0.0009230 0.9645436 0.0065142 0.2638417
111.127710 -0.4956996 -0.3441301 0.5179368 0.0102210 0.9507382 0.0268523 0.3086606
111.927090 -0.4791319 -0.3443578 0.5714467 0.0257609 0.8941256 0.0235084 0.4464561
112.093618 -0.4768010 -0.3458379 0.5664507 0.0215570 0.8827520 0.0137759 0.4691423
114.558528 -0.4712273 -0.3491529 0.5549776 0.0174178 0.7660162 0.0043557 0.6425706
115.124820 -0.4670260 -0.3530632 0.5487838 0.0107693 0.7330747 -0.0055452 0.6800403
115.958052 -0.4643213 -0.3522615 0.5451102 0.0635358 0.6800553 0.0382389 0.7294010
117.090910 -0.4652119 -0.3499210 0.5392892 0.0078464 0.6397623 0.0309773 0.7679083
117.490652 -0.4662645 -0.3496620 0.5397501 0.0113838 0.6012182 0.0417876 0.7979104
117.723992 -0.4714023 -0.3486232 0.5351238 0.0150420 0.5712153 0.0542045 0.8188704
117.957321 -0.4709156 -0.3488638 0.5372748 0.0238108 0.5244983 0.0579322 0.8491046
121.156429 -0.5230187 -0.2188041 -0.4950617 -0.0379047 -0.1794537 -0.0029230 0.9830316
121.356461 -0.5259404 -0.2207017 -0.5226202 -0.0473715 -0.1642314 -0.0008301 0.9852834
121.389799 -0.5267684 -0.2208834 -0.5259386 -0.0488514 -0.1607109 -0.0000952 0.9857919
121.456458 -0.5283144 -0.2216095 -0.5320915 -0.0499086 -0.1535667 0.0019536 0.9868752
121.989684 -0.5382545 -0.2258059 -0.5405321 -0.0274015 -0.1176695 0.0015786 0.9926735
122.889342 -0.5431230 -0.2235949 -0.4962952 0.0115025 -0.1693698 -0.0076050 0.9854561
123.122547 -0.5429401 -0.2237689 -0.4935175 0.0091965 -0.1841537 -0.0126221 0.9827734
124.396304 -0.5632170 -0.2241051 -0.5143318 -0.0073186 -0.3277856 0.0128840 0.9446359
125.563448 -0.5686371 -0.2238641 -0.5232023 -0.0123528 -0.4287069 0.0169703 0.9031998
126.363884 -0.5593379 -0.1700508 -0.4779061 -0.0400967 -0.5148326 0.0300737 0.8558244
126.563966 -0.5536206 -0.1524138 -0.4413301 -0.0246628 -0.5276328 0.0160276 0.8489632
126.730672 -0.5483382 -0.1399965 -0.4080226 -0.0191555 -0.5329499 0.0068723 0.8459021
126.864035 -0.5432119 -0.1317981 -0.3811637 -0.0237974 -0.5470556 0.0034228 0.8367509
126.930715 -0.5414845 -0.1279436 -0.3683171 -0.0248027 -0.5607678 0.0038440 0.8275926
127.030735 -0.5391860 -0.1223001 -0.3492393 -0.0238454 -0.5890657 0.0047623 0.8077192
127.164093 -0.5366793 -0.1156842 -0.3237259 -0.0201667 -0.6293975 0.0106433 0.7767490
127.230771 -0.5356109 -0.1134733 -0.3106761 -0.0147806 -0.6461076 0.0133871 0.7629858
127.297448 -0.5350978 -0.1111406 -0.2977272 -0.0135675 -0.6616288 0.0146296 0.7495660
127.430807 -0.5333461 -0.1069335 -0.2702077 -0.0132741 -0.6921174 0.0147147 0.7215129
127.830931 -0.5278741 -0.0969153 -0.1885653 -0.0103936 -0.7687164 0.0193940 0.6392113
128.197696 -0.5210257 -0.0922530 -0.1087154 -0.0078406 -0.8375846 0.0111548 0.5461375
128.531121 -0.5116003 -0.0936636 -0.0373547 -0.0053819 -0.9200432 0.0134926 0.3915477
128.797861 -0.4998228 -0.0946031 0.0201105 -0.0137411 -0.9654861 0.0154523 0.2596324
129.064592 -0.4909304 -0.0952166 0.0820822 -0.0097795 -0.9933103 0.0179607 0.1136501
129.297975 -0.4883083 -0.0967232 0.1420850 -0.0090266 -0.9996665 0.0117413 0.0211567
129.464768 -0.4909361 -0.0963900 0.1866705 -0.0060412 -0.9999280 0.0095711 -0.0039956
129.665217 -0.4951063 -0.0937666 0.2407359 -0.0024074 -0.9993708 0.0038515 -0.0351780
129.832266 -0.4994690 -0.0919889 0.2852702 0.0005524 -0.9991439 -0.0014048 -0.0413425
130.166384 -0.5043491 -0.0887366 0.3712677 0.0039924 -0.9993346 -0.0011161 -0.0362387
130.333454 -0.5022230 -0.0860223 0.4130262 -0.0001304 -0.9983253 -0.0028374 -0.0577803
130.500376 -0.4988661 -0.0834272 0.4536274 -0.0037353 -0.9954036 -0.0134130 -0.0947516
130.667127 -0.4952706 -0.0812461 0.4913766 -0.0085308 -0.9907604 -0.0349738 -0.1307586
130.833875 -0.4915916 -0.0801778 0.5225726 -0.0132822 -0.9852322 -0.0496354 -0.1633321
130.967272 -0.4887756 -0.0802320 0.5413128 0.0162000 0.9802053 0.0543607 0.1896842
131.067319 -0.4870163 -0.0804034 0.5512398 0.0180342 0.9757798 0.0535726 0.2113255
131.200713 -0.4848274 -0.0807142 0.5592235 0.0193336 0.9691311 0.0485816 0.2409376
131.400802 -0.4826139 -0.0813369 0.5618573 0.0200145 0.9567023 0.0347474 0.2882929
131.600945 -0.4818307 -0.0831119 0.5567926 0.0155854 0.9394607 0.0228373 0.3415394
132.001251 -0.4814879 -0.0869907 0.5393032 -0.0007975 0.8760466 0.0049774 0.4822001
132.634947 -0.4752640 -0.0873072 0.5129395 -0.0011569 0.7948668 -0.0228967 0.6063507
132.768294 -0.4741003 -0.0864034 0.5112952 -0.0006867 0.7873326 -0.0237814 0.6160693
133.468343 -0.4814740 -0.0831828 0.5184927 -0.0010531 0.8218958 -0.0016002 0.5696346
135.035679 -0.4656472 -0.0841770 0.5440581 0.0159860 0.8521521 0.0004944 0.5230497
135.836238 -0.4570608 -0.0853103 0.5390862 0.0104880 0.7222025 -0.0072055 0.6915647
136.303460 -0.4567688 -0.0861905 0.5152919 0.0451020 0.6020842 0.0397844 0.7961644
136.537031 -0.4510525 -0.0845970 0.4809781 0.0301563 0.5531054 0.0209691 0.8323013
136.703826 -0.4474235 -0.0842832 0.4510757 0.0287461 0.5166097 0.0134048 0.8556334
136.837263 -0.4443299 -0.0838846 0.4263323 0.0257333 0.4937029 0.0124889 0.8691601
136.970702 -0.4422723 -0.0839750 0.4008840 0.0251434 0.4778886 0.0176619 0.8778829
137.404390 -0.4394678 -0.0846250 0.3137485 0.0185225 0.3953015 0.0206415 0.9181327
137.604531 -0.4366095 -0.0849742 0.2712980 0.0145065 0.3744529 0.0180168 0.9269574
137.838024 -0.4324121 -0.0846186 0.2199741 0.0133142 0.3561442 0.0224484 0.9340664
138.038162 -0.4290169 -0.0849146 0.1736651 0.0079280 0.3404479 0.0160437 0.9400931
138.238301 -0.4261799 -0.0850213 0.1265365 0.0015672 0.3219215 0.0215918 0.9465188
138.438440 -0.4208201 -0.0848015 0.0789201 0.0008836 0.3264483 0.0121332 0.9451368
138.638630 -0.4159890 -0.0838749 0.0308548 -0.0053009 0.3236281 0.0147437 0.9460547
138.938920 -0.4075525 -0.0835581 -0.0396809 -0.0036125 0.2755426 0.0173614 0.9611253
139.272583 -0.3898240 -0.0850171 -0.1196680 -0.0115215 0.2991713 0.0082998 0.9540938
139.606167 -0.3683719 -0.0853032 -0.1933821 -0.0077773 0.2793243 0.0004532 0.9601653
139.973006 -0.3416775 -0.0859827 -0.2669694 0.0015064 0.2383589 0.0010908 0.9711754
140.306489 -0.3133620 -0.0854944 -0.3335018 0.0057343 0.2162785 -0.0071876 0.9762884
140.606648 -0.2911943 -0.0868919 -0.3943866 0.0012053 0.1950048 -0.0156231 0.9806771
141.006887 -0.2726128 -0.0891542 -0.4686834 -0.0443830 0.2079318 -0.0274026 0.9767516
141.407123 -0.2661989 -0.0918633 -0.5087656 -0.0518866 0.2302602 -0.0384978 0.9709820
141.874024 -0.2856290 -0.0901235 -0.5024811 -0.0260123 0.1210561 -0.0014809 0.9923037
142.074119 -0.2943890 -0.0894848 -0.4899575 -0.0122795 0.0733937 0.0110057 0.9971667
142.207514 -0.2984081 -0.0886596 -0.4811040 -0.0026633 0.0433053 0.0127721 0.9989767
142.440946 -0.3011220 -0.0873802 -0.4687843 0.0063838 -0.0160450 0.0061692 0.9998319
143.041689 -0.2912511 -0.0873504 -0.4621918 0.0002402 -0.1381216 -0.0170869 0.9902679
143.208566 -0.2885520 -0.0870833 -0.4657931 -0.0058085 -0.1628024 -0.0178238 0.9864806
143.575680 -0.2939205 -0.0863923 -0.4788804 -0.0179985 -0.3062516 0.0005749 0.9517803
143.742537 -0.2977808 -0.0877303 -0.4840738 -0.0174553 -0.3849198 0.0055729 0.9227682
144.009509 -0.2989430 -0.0899671 -0.4882949 -0.0126792 -0.4813221 -0.0032954 0.8764459
144.476699 -0.2957780 -0.0918003 -0.4877992 -0.0145223 -0.5766658 -0.0086803 0.8168049
146.011055 -0.3071980 -0.0967931 -0.4788343 -0.0409136 -0.5687323 0.0314523 0.8209022
146.244750 -0.3097273 -0.1250159 -0.4700103 -0.0600510 -0.5714178 0.0401406 0.8174744
146.511801 -0.3120004 -0.1517677 -0.4403235 -0.0404326 -0.5662477 0.0327061 0.8225929
146.812087 -0.3123515 -0.1736318 -0.3923621 -0.0256731 -0.5666305 0.0198734 0.8233322
147.179109 -0.3067793 -0.1922680 -0.3231512 -0.0209122 -0.5726250 0.0127567 0.8194513
147.446038 -0.3010275 -0.1998186 -0.2716053 -0.0188920 -0.6078600 0.0060773 0.7937962
148.246389 -0.2884113 -0.2139352 -0.1116747 -0.0120635 -0.7052527 0.0092510 0.7087931
148.513162 -0.2832274 -0.2154990 -0.0580555 -0.0129118 -0.7396201 0.0089958 0.6728405
148.579854 -0.2819279 -0.2158057 -0.0441129 -0.0142303 -0.7484223 0.0087294 0.6630123
148.679891 -0.2795654 -0.2161102 -0.0245096 -0.0167523 -0.7604411 0.0086055 0.6491339
149.013344 -0.2737137 -0.2159849 0.0419902 -0.0157237 -0.8120492 0.0142783 0.5832024
149.213410 -0.2694963 -0.2177635 0.0825967 -0.0137011 -0.8508292 0.0130967 0.5251005
149.513507 -0.2622630 -0.2170945 0.1458987 0.0122314 0.9038813 -0.0108792 -0.4274701
149.846955 -0.2543180 -0.2193692 0.2169741 0.0155615 0.9468877 -0.0149472 -0.3208399
150.047019 -0.2512550 -0.2191613 0.2614667 0.0147173 0.9600913 -0.0134176 -0.2789771
150.313764 -0.2463816 -0.2190199 0.3235240 0.0107869 0.9722999 -0.0084281 -0.2333357
150.613867 -0.2364073 -0.2192084 0.3933039 0.0156977 0.9845592 -0.0027811 -0.1743246
150.913975 -0.2215873 -0.2183969 0.4593680 0.0255000 0.9965904 0.0116914 -0.0775933
151.180731 -0.2142440 -0.2208498 0.5128858 0.0344244 0.9968337 0.0483692 0.0528952
151.447479 -0.2190205 -0.2227326 0.5466332 0.0238113 0.9888059 0.0531693 0.1373640
151.947895 -0.2377282 -0.2230392 0.5524813 -0.0019107 0.9763985 0.0212808 0.2149177
152.181433 -0.2393858 -0.2220295 0.5450969 -0.0048280 0.9657463 0.0139766 0.2590665
152.414975 -0.2371240 -0.2209448 0.5349542 0.0010989 0.9603466 0.0035203 0.2787845
153.448720 -0.2137114 -0.2215360 0.5161903 0.0194653 0.9550319 -0.0024592 0.2958531
156.324739 -0.2164530 -0.2644538 0.4961410 0.0623824 0.3240295 0.0064123 0.9439662
156.825117 -0.2180546 -0.2993081 0.3902670 0.0283256 0.3301368 -0.0038949 0.9435000
157.559611 -0.2335494 -0.3268024 0.2218470 0.0124146 0.4017878 0.0000112 0.9156486
158.059394 -0.2486659 -0.3367809 0.1113102 0.0087820 0.3807468 -0.0013692 0.9246367
158.626060 -0.2645728 -0.3423120 -0.0006907 0.0166060 0.3076357 0.0047298 0.9513475
159.060484 -0.2729315 -0.3437518 -0.0853803 0.0170842 0.2448030 0.0037092 0.9694152
159.928372 -0.2830009 -0.3422737 -0.2578357 0.0142069 0.1567464 -0.0010689 0.9875361
160.728206 -0.3008875 -0.3435443 -0.4184750 -0.0040448 -0.0045585 0.0049220 0.9999693
161.461236 -0.3028965 -0.3427606 -0.5077154 -0.0422973 0.0117667 0.0068766 0.9990121
164.593732 -0.3070647 -0.3463154 -0.4821922 -0.0113143 -0.0778313 0.0119641 0.9968305
165.160099 -0.3158273 -0.3456762 -0.4739920 0.0102540 -0.2041562 0.0120831 0.9788101
165.559830 -0.3102380 -0.3458540 -0.4784142 -0.0026307 -0.2291281 0.0058476 0.9733752
166.359395 -0.2964620 -0.3758095 -0.4677369 -0.0649348 -0.1616254 0.0151847 0.9845964
166.959235 -0.2909251 -0.3996433 -0.3690852 -0.0204294 -0.2152599 0.0156389 0.9762179
168.225458 -0.2524846 -0.4135923 -0.1095326 -0.0106158 -0.5761397 0.0002935 0.8172823
168.825107 -0.2317136 -0.4158429 0.0193384 -0.0091090 -0.6505313 0.0000463 0.7594249
169.324787 -0.2181250 -0.4156051 0.1297321 -0.0100565 -0.6935955 -0.0022662 0.7202910
169.857800 -0.2097441 -0.4146951 0.2424192 -0.0113833 -0.7140641 -0.0059601 0.6999624
170.490733 -0.2046952 -0.4175404 0.3678796 -0.0228897 -0.7378654 -0.0087613 0.6745027
171.324292 -0.2257355 -0.4172179 0.5139783 0.0059909 -0.8401013 -0.0337495 0.5413455
172.126992 -0.2485557 -0.4149108 0.5482147 -0.0082600 0.9340811 0.0198566 -0.3564128
172.929416 -0.2447191 -0.4157844 0.5196192 0.0080473 0.9748009 -0.0048187 -0.2228794
173.729865 -0.2398200 -0.4158891 0.5118662 0.0075213 0.9930981 -0.0037243 -0.1169856
174.297528 -0.2360695 -0.4188046 0.5183690 0.0059384 0.9976780 0.0042073 0.0677172
174.998697 -0.2339351 -0.4192592 0.5207015 0.0011902 0.9555935 0.0017796 0.2946804
176.836722 -0.2773400 -0.4247714 0.4105280 0.0222077 0.8141508 0.0123744 0.5800968
177.036773 -0.2921012 -0.4226680 0.3723865 0.0208722 0.8037692 0.0086567 0.5945120
177.270161 -0.3078731 -0.4196092 0.3289669 0.0209370 0.7886517 0.0062552 0.6144518
177.536881 -0.3265665 -0.4182202 0.2776375 0.0213886 0.7707117 0.0055038 0.6368013
179.538231 -0.4473119 -0.4145725 -0.1111053 0.0188647 0.5828164 0.0048746 0.8123702
180.005067 -0.4711719 -0.4146981 -0.1987927 0.0242794 0.4982457 0.0068867 0.8666685
181.305768 -0.5378831 -0.4144827 -0.4555961 -0.0163018 0.3146425 0.0002011 0.9490703
182.206085 -0.5557808 -0.4176461 -0.5190811 -0.0175596 0.2586147 -0.0003279 0.9658209
182.572731 -0.5519494 -0.4188949 -0.5020396 0.0042031 0.2253606 -0.0029321 0.9742619
182.739442 -0.5485213 -0.4190714 -0.4934187 0.0128615 0.2137055 -0.0053367 0.9767989
183.873184 -0.5461349 -0.4183573 -0.4784833 0.0080153 0.1484441 -0.0048484 0.9888765
184.739968 -0.5640512 -0.4174952 -0.4829226 0.0012526 0.0687211 0.0039682 0.9976273
185.006871 -0.5647824 -0.4172754 -0.4846450 0.0006062 0.0471542 0.0035922 0.9988810
186.007418 -0.5640517 -0.4175531 -0.4829614 -0.0594954 -0.0211148 0.0105796 0.9979492
186.374052 -0.5613488 -0.3973008 -0.4490107 -0.0364543 -0.0688669 0.0107989 0.9969012
186.707361 -0.5565577 -0.3813497 -0.3960878 -0.0124836 -0.1336710 0.0020440 0.9909450
186.940737 -0.5500920 -0.3735251 -0.3559363 -0.0100935 -0.1765681 -0.0003355 0.9842366
187.240782 -0.5413845 -0.3657244 -0.3048563 -0.0156119 -0.2308239 0.0024729 0.9728671
187.540817 -0.5324516 -0.3597836 -0.2539683 -0.0125818 -0.3009160 0.0039234 0.9535596
187.774257 -0.5235469 -0.3579451 -0.2107811 -0.0114681 -0.3384178 0.0014902 0.9409249
188.274609 -0.5030109 -0.3549851 -0.1124481 -0.0050589 -0.4363596 -0.0032932 0.8997521
188.474747 -0.4961803 -0.3545161 -0.0742579 -0.0058209 -0.4837558 -0.0041814 0.8751737
188.674861 -0.4892311 -0.3551607 -0.0362483 -0.0077311 -0.5168502 -0.0045320 0.8560289
188.808190 -0.4847200 -0.3565727 -0.0108949 -0.0087373 -0.5346742 -0.0044564 0.8450015
189.374798 -0.4657755 -0.3579574 0.0977412 -0.0170563 -0.5860928 -0.0068644 0.8100354
189.608088 -0.4600704 -0.3577374 0.1438633 -0.0160287 -0.6187654 -0.0080038 0.7853716
190.108416 -0.4541975 -0.3563538 0.2382708 -0.0174688 -0.6936874 -0.0091375 0.7200064
190.575437 -0.4560676 -0.3551275 0.3261913 -0.0192318 -0.7393368 -0.0046960 0.6730447
190.842187 -0.4631889 -0.3563954 0.3767870 -0.0179059 -0.7498818 -0.0039771 0.6613175
191.175555 -0.4732446 -0.3556992 0.4391401 -0.0127390 -0.7826288 -0.0103976 0.6222716
191.475572 -0.4849879 -0.3546731 0.4886155 0.0109807 -0.8223570 -0.0293962 0.5681059
191.810062 -0.4963022 -0.3538747 0.5214301 0.0222619 -0.8703511 -0.0356220 0.4906368
192.177340 -0.5025210 -0.3495735 0.5260748 0.0183521 -0.9144529 -0.0209995 0.4037304
192.544251 -0.4996259 -0.3527279 0.5163345 0.0042736 -0.9522277 -0.0084047 0.3052435
192.677699 -0.4958591 -0.3547212 0.5109308 0.0004689 -0.9642845 -0.0040138 0.2648377
192.877991 -0.4923259 -0.3540279 0.5013897 -0.0052935 -0.9777409 0.0036680 0.2097172
193.044904 -0.4794776 -0.3557912 0.4986714 -0.0078469 -0.9848245 0.0064553 0.1732552
193.579051 -0.4927739 -0.3527707 0.5060588 -0.0140662 -0.9972821 0.0041953 0.0722010
194.145983 -0.4858702 -0.3580318 0.5008684 -0.0102813 -0.9990478 -0.0068434 -0.0418459
196.348276 -0.4873215 -0.2966770 0.5074971 0.0446179 0.8629131 0.0338521 0.5022392
196.948725 -0.5038745 -0.2527043 0.4050026 0.0292872 0.7797477 0.0091426 0.6253417
197.649250 -0.5258708 -0.2283205 0.2632304 0.0241429 0.6850399 0.0031264 0.7280987
198.183136 -0.5515528 -0.2195261 0.1509162 0.0194548 0.6895031 0.0149182 0.7238677
198.349979 -0.5607178 -0.2197266 0.1123419 0.0095385 0.7000635 0.0098248 0.7139493
198.717002 -0.5756432 -0.2194522 0.0296364 0.0045657 0.7273447 0.0107041 0.6861737
199.183809 -0.5844994 -0.2191022 -0.0655711 0.0090763 0.7386255 0.0105199 0.6739728
199.784140 -0.5855246 -0.2165689 -0.1833282 0.0089921 0.7119840 0.0102333 0.7020636
200.285125 -0.5764746 -0.2176866 -0.2800035 0.0131099 0.6810526 0.0058765 0.7320936
200.852700 -0.5697682 -0.2220505 -0.3997735 -0.0087224 0.7359910 0.0096598 0.6768662
201.419691 -0.5611823 -0.2253741 -0.4972314 -0.0398306 0.7052377 -0.0199393 0.7075703
203.520165 -0.5184463 -0.2205375 -0.4866283 0.0085270 0.4919844 -0.0129821 0.8704655
204.054018 -0.5221886 -0.2206002 -0.4834829 0.0052936 0.4082212 -0.0201352 0.9126456
204.588109 -0.5374660 -0.2205768 -0.4883459 -0.0075453 0.3556483 -0.0090637 0.9345455
205.154985 -0.5554259 -0.2243797 -0.4841632 -0.0047091 0.3593395 0.0042216 0.9331855
205.521680 -0.5635373 -0.2243833 -0.4727841 0.0087428 0.3242905 0.0185330 0.9457356
206.188409 -0.5573109 -0.1932312 -0.4624869 -0.0663569 0.2632649 -0.0142442 0.9623334
206.555092 -0.5462629 -0.1587669 -0.4203019 -0.0315206 0.1970636 -0.0100270 0.9798325
206.888486 -0.5336353 -0.1379857 -0.3667066 -0.0185687 0.1175898 -0.0077938 0.9928581
207.355273 -0.5149693 -0.1182295 -0.2873623 -0.0129493 0.0014472 -0.0090369 0.9998743
207.855577 -0.5064807 -0.1050363 -0.2060122 -0.0127274 -0.2269253 0.0031615 0.9738239
208.389678 -0.5120976 -0.1005630 -0.1157312 -0.0007093 -0.4422280 0.0216653 0.8966407
208.823750 -0.5075265 -0.1007717 -0.0411295 -0.0072818 -0.5611376 0.0318773 0.8270764
209.291494 -0.4897519 -0.1005870 0.0518695 -0.0066963 -0.6100550 0.0103926 0.7922626
209.725825 -0.4654700 -0.0994952 0.1442214 -0.0127203 -0.6432294 -0.0060360 0.7655441
210.259258 -0.4511332 -0.0992338 0.2499578 -0.0119846 -0.7311449 0.0031794 0.6821095
210.692646 -0.4464144 -0.0990858 0.3355295 -0.0208342 -0.8132861 -0.0032626 0.5814818
211.192660 -0.4758713 -0.0890289 0.4153064 -0.0062647 -0.8804961 -0.0195918 0.4736071
211.625972 -0.4762953 -0.1026641 0.5171582 0.0198948 -0.9135070 -0.0511462 0.4031044
213.861692 -0.4828597 -0.1021001 0.4847031 -0.0114896 -0.9552002 -0.0030742 0.2957216
214.334799 -0.4869140 -0.0987419 0.4889158 0.0090416 -0.9810493 -0.0209037 0.1924151
214.706892 -0.5156829 -0.1377687 0.5737437 -0.0052443 -0.9971790 -0.0307061 0.0682903
215.140834 -0.4830599 -0.1017113 0.4966447 -0.0102001 -0.9984712 -0.0069339 -0.0538818
215.340586 -0.4807887 -0.1019556 0.4920889 -0.0125169 -0.9942518 0.0027755 -0.1062972
215.640179 -0.4780242 -0.0997068 0.4866150 -0.0116627 -0.9868460 0.0112466 -0.1608491
216.006620 -0.4757881 -0.0974708 0.4816806 0.0177688 0.9708996 0.0459212 0.2343703
216.273235 -0.4747483 -0.0969304 0.4658818 0.0210147 0.9566410 0.0546765 0.2853190
216.439866 -0.4742108 -0.0962957 0.4462190 0.0191220 0.9486332 0.0388890 0.3133959
216.639819 -0.4730394 -0.0953013 0.4153492 0.0140208 0.9393835 0.0245640 0.3416997
216.839725 -0.4714820 -0.0960527 0.3791841 0.0140634 0.9374794 0.0177855 0.3473013
217.072821 -0.4692809 -0.0958155 0.3345995 0.0132137 0.9357584 0.0100372 0.3522513
217.239304 -0.4685410 -0.0952275 0.3029097 0.0097323 0.9346867 0.0093627 0.3552158
217.405775 -0.4684437 -0.0962859 0.2713601 0.0067975 0.9361367 0.0111703 0.3513933
217.538943 -0.4696576 -0.0968135 0.2463705 0.0055247 0.9397067 0.0117711 0.3417342
217.738680 -0.4717456 -0.0964498 0.2084352 -0.0006211 0.9397813 0.0111914 0.3415925
217.805275 -0.4719454 -0.0966201 0.1958513 -0.0012977 0.9390523 0.0105344 0.3436105
218.005103 -0.4726269 -0.0985365 0.1588243 -0.0019893 0.9320087 0.0131447 0.3621922
218.171613 -0.4716403 -0.0977137 0.1299203 -0.0056922 0.9187085 0.0178068 0.3944938
218.404708 -0.4677029 -0.0954551 0.0875561 -0.0004208 0.9107100 0.0129866 0.4128421
218.604486 -0.4633320 -0.0949288 0.0500808 -0.0001752 0.9083121 0.0128832 0.4180948
218.904226 -0.4538986 -0.0926072 -0.0055984 0.0037248 0.9009785 0.0112782 0.4337011
219.204022 -0.4397154 -0.0929063 -0.0638388 0.0132009 0.8951286 0.0043903 0.4455910
219.470481 -0.4261275 -0.0922019 -0.1136206 0.0088660 0.8743202 0.0058818 0.4852330
219.970383 -0.4009002 -0.0926355 -0.2051351 0.0059852 0.8485671 0.0035189 0.5290423
220.404077 -0.3810827 -0.0949966 -0.2871345 0.0074855 0.8399311 0.0033824 0.5426310
220.870961 -0.3578288 -0.0957132 -0.3759029 -0.0022496 0.8149233 0.0039155 0.5795512
221.237274 -0.3372275 -0.0962950 -0.4464784 -0.0028543 0.8085566 -0.0032746 0.5884023
221.470352 -0.3237322 -0.0964259 -0.4880376 -0.0119703 0.8111629 -0.0050141 0.5846761
221.736700 -0.3074865 -0.0974810 -0.5289017 -0.0169028 0.7967263 -0.0279152 0.6034586
222.136412 -0.2839568 -0.0973126 -0.5620693 -0.0110256 0.7513246 -0.0444967 0.6583387
222.569368 -0.2747228 -0.0955152 -0.5610901 -0.0079414 0.6642849 -0.0299391 0.7468375
222.869076 -0.2764637 -0.0951497 -0.5517077 -0.0026093 0.6152424 -0.0171287 0.7881477
222.968975 -0.2775095 -0.0949341 -0.5482963 -0.0027681 0.6007502 -0.0125908 0.7993329
223.301943 -0.2812537 -0.0953951 -0.5387923 -0.0004563 0.5659217 -0.0100069 0.8243982
223.734727 -0.2849419 -0.0964364 -0.5305774 0.0025865 0.4987316 -0.0083432 0.8667125
224.234469 -0.2931089 -0.0968781 -0.5304168 -0.0028712 0.3774180 -0.0039132 0.9260303
224.734200 -0.2955709 -0.0963591 -0.5324125 -0.0089911 0.2477903 -0.0074213 0.9687436
225.100850 -0.2969612 -0.0957457 -0.5331147 -0.0160168 0.1277523 -0.0020890 0.9916746
225.267517 -0.2967712 -0.0960136 -0.5327768 -0.0126736 0.0806073 -0.0013769 0.9966644
225.400850 -0.2963335 -0.0958720 -0.5322753 -0.0090070 0.0554059 -0.0031593 0.9984183
225.700843 -0.2939795 -0.0965831 -0.5306842 -0.0068767 0.0173352 -0.0135198 0.9997347
225.834158 -0.2927140 -0.0966217 -0.5300333 -0.0064910 0.0007543 -0.0192519 0.9997933
225.967447 -0.2923222 -0.0969501 -0.5291614 -0.0080340 -0.0122872 -0.0189262 0.9997131
226.134051 -0.2921647 -0.0963319 -0.5276628 -0.0035048 -0.0412978 -0.0220762 0.9988968
226.333965 -0.2938255 -0.0988659 -0.5250127 -0.0391748 -0.0922508 0.0031313 0.9949600
226.500552 -0.2949305 -0.1008648 -0.5196996 -0.0271907 -0.1430811 -0.0022147 0.9893349
226.667130 -0.2963524 -0.1033965 -0.5141279 -0.0020158 -0.1730528 -0.0250074 0.9845930
226.833693 -0.2987999 -0.1057883 -0.5090508 0.0299370 -0.1918497 -0.0532844 0.9795194
226.966922 -0.3001694 -0.1059489 -0.5079164 0.0640723 -0.1964664 -0.0727128 0.9757093
230.100657 -0.2144805 -0.2307190 0.1455297 -0.0143814 -0.4484471 -0.0072911 0.8936639
230.235009 -0.2119068 -0.2302586 0.1701890 -0.0159304 -0.4653029 -0.0088290 0.8849642
230.302202 -0.2107386 -0.2303142 0.1825185 -0.0165933 -0.4729668 -0.0093962 0.8808739
230.403011 -0.2091045 -0.2301306 0.2009225 -0.0172850 -0.4830989 -0.0102691 0.8753349
230.537461 -0.2071074 -0.2306230 0.2260871 -0.0167653 -0.4940068 -0.0106443 0.8692313
231.039917 -0.2042244 -0.2296340 0.3197641 -0.0188627 -0.5283105 -0.0143682 0.8487201
231.206732 -0.2052706 -0.2292670 0.3511609 -0.0191833 -0.5388494 -0.0153565 0.8420437
231.406909 -0.2071027 -0.2290784 0.3875712 -0.0211616 -0.5576923 -0.0169033 0.8296058
231.607088 -0.2116276 -0.2279494 0.4237537 -0.0220576 -0.5885446 -0.0189599 0.8079414
231.773903 -0.2185322 -0.2283532 0.4496198 -0.0087067 -0.6231737 -0.0245934 0.7816483
231.974053 -0.2261821 -0.2293168 0.4833543 0.0110006 -0.6713006 -0.0333537 0.7403527
232.207557 -0.2369896 -0.2260184 0.5099435 0.0239290 -0.7240580 -0.0359645 0.6883851
232.441059 -0.2432903 -0.2253110 0.5214596 0.0236496 -0.7667727 -0.0335591 0.6406045
232.974686 -0.2506530 -0.2241736 0.5138751 0.0073853 -0.8279954 -0.0109325 0.5605797
233.574782 -0.2592896 -0.2220012 0.5026768 -0.0051768 -0.8542866 0.0040653 0.5197607
233.908170 -0.2597686 -0.2219540 0.5021467 -0.0061190 -0.8666168 0.0049346 0.4989124
234.208241 -0.2599307 -0.2218392 0.5021219 -0.0058651 -0.8786852 0.0025829 0.4773587
234.775016 -0.2591612 -0.2219084 0.5028615 -0.0076741 -0.9363481 -0.0073119 0.3509130
235.075143 -0.2593482 -0.2218829 0.5027865 -0.0114539 -0.9675186 -0.0065312 0.2524556
235.341923 -0.2586114 -0.2219817 0.5032550 -0.0156744 -0.9914124 -0.0004635 0.1298291
235.408618 -0.2536084 -0.2238812 0.5026848 -0.0147864 -0.9948938 0.0005714 0.0998370
238.489781 -0.3268420 -0.3483253 0.1257361 0.0093507 0.9328845 0.0085377 0.3599531
238.656290 -0.3299353 -0.3501723 0.0962991 0.0115764 0.9279123 0.0083803 0.3725245
238.789490 -0.3326161 -0.3511823 0.0726174 0.0104428 0.9255254 0.0084999 0.3784460
238.889391 -0.3347898 -0.3521068 0.0545534 0.0103206 0.9252844 0.0088181 0.3790311
238.989315 -0.3373904 -0.3529350 0.0360153 0.0081559 0.9247795 0.0085169 0.3803206
239.122539 -0.3415790 -0.3538609 0.0107964 0.0051824 0.9245547 0.0132578 0.3807833
239.821855 -0.3492545 -0.3545055 -0.1170226 0.0041314 0.8807646 0.0160339 0.4732648
240.221472 -0.3482859 -0.3524345 -0.1894056 0.0047216 0.8568172 0.0172368 0.5153104
240.387964 -0.3472344 -0.3518747 -0.2195844 0.0069612 0.8504747 0.0167245 0.5257040
240.587740 -0.3449142 -0.3515027 -0.2570383 0.0033797 0.8414789 0.0163136 0.5400330
240.787498 -0.3426012 -0.3506395 -0.2950334 0.0005772 0.8342022 0.0127948 0.5513099
241.354176 -0.3326754 -0.3527693 -0.4057031 -0.0139928 0.8601469 0.0173284 0.5095598
241.487533 -0.3287587 -0.3530949 -0.4312932 -0.0250293 0.8635427 0.0173357 0.5033558
241.854247 -0.3046306 -0.3530171 -0.4958078 -0.0177991 0.8619126 -0.0201457 0.5063439
242.387157 -0.2666371 -0.3561344 -0.5450596 0.0045537 0.8625733 -0.0438120 0.5040110
242.653563 -0.2552046 -0.3538260 -0.5494614 0.0091731 0.8672942 -0.0385152 0.4962190
243.586048 -0.2645829 -0.3557488 -0.5263397 0.0092704 0.8844805 -0.0012090 0.4664834
244.021563 -0.2804492 -0.3581218 -0.5168472 -0.0041899 0.8577510 0.0103344 0.5139444
244.723125 -0.2898452 -0.3566057 -0.5079949 -0.0108843 0.7456303 0.0113569 0.6661742
244.989868 -0.2854678 -0.3556229 -0.5074347 -0.0056578 0.7045575 0.0042495 0.7096116
246.121976 -0.2654697 -0.3710723 -0.5218295 -0.0491248 0.6293730 -0.0418677 0.7744183
247.054476 -0.2539767 -0.4096996 -0.4055353 -0.0118506 0.4811944 -0.0184836 0.8763389
247.886755 -0.2601984 -0.4162340 -0.2559563 -0.0080273 0.1972920 0.0062375 0.9802921
248.486201 -0.2542489 -0.4189723 -0.1482259 -0.0030271 0.1206405 0.0019980 0.9926896
249.059197 -0.2363659 -0.4198661 -0.0558937 -0.0117843 0.0697122 -0.0028728 0.9974934
249.730083 -0.2155478 -0.4212094 0.0543376 -0.0085889 -0.0259505 -0.0084081 0.9995910
250.030191 -0.2087435 -0.4204047 0.1019849 -0.0113428 -0.0959405 -0.0075506 0.9952938
250.462528 -0.1976679 -0.4185416 0.1725283 -0.0103674 -0.1817550 -0.0104556 0.9832336
251.127500 -0.1830633 -0.4156639 0.2827682 -0.0139015 -0.3244269 -0.0172883 0.9456506
251.725968 -0.1960509 -0.4168313 0.3706017 -0.0215497 -0.5935380 -0.0006727 0.8045171
252.427962 -0.2277069 -0.4177367 0.4780113 0.0208939 -0.7890437 -0.0167297 0.6137537
253.031464 -0.2396306 -0.4123774 0.5198910 0.0183505 -0.8533888 -0.0172402 0.5206665
253.264711 -0.2394100 -0.4120203 0.5204126 0.0109027 -0.8619186 -0.0144673 0.5067230
255.464103 -0.2370070 -0.4222970 0.4838992 -0.0057904 -0.8240094 -0.0015977 0.5665442
256.397414 -0.2482812 -0.3645597 0.5085073 0.0150050 -0.4481290 -0.0017198 0.8938413
257.629139 -0.2329264 -0.2690125 0.5005588 -0.0128750 0.0242510 -0.0126786 0.9995426
261.772569 -0.2353714 -0.2552818 0.5298873 0.0006225 0.0769914 -0.0072893 0.9970049
272.700490 -0.1304894 -0.2609645 0.2771943 0.0099235 -0.0271602 0.0075351 0.9995534
273.666825 -0.0515691 -0.2642540 0.1049757 0.0052685 -0.0279136 0.0015866 0.9995952
277.873752 0.0039018 -0.1334357 0.0015894 0.0038568 0.0513702 -0.0075511 0.9986437
278.808030 0.0004298 -0.0014082 -0.0009620 0.0017422 0.1347519 -0.0004567 0.9908777
279.608534 0.0006050 -0.0000833 0.0004932 0.0014633 0.1335311 0.0015996 0.9910423
