0.103221 0.0000000 0.0000000 0.0000000 -0.0000000 -0.0000000 -0.0000000 1.0000000
9.643667 -0.0018100 -0.0149587 -0.0018615 0.0085039 -0.0162210 0.0031736 0.9998273
9.743723 -0.0021562 -0.0378538 -0.0031962 0.0062268 -0.0310449 0.0024128 0.9994957
9.843779 -0.0015967 -0.0691171 -0.0053184 0.0022073 -0.0466678 0.0014246 0.9989070
9.977186 -0.0010357 -0.1112704 -0.0084628 0.0000732 -0.0657394 -0.0006583 0.9978366
10.110603 -0.0010012 -0.1442135 -0.0118794 0.0006342 -0.0861040 -0.0007148 0.9962857
10.244022 -0.0005013 -0.1693850 -0.0154236 0.0016683 -0.1068140 -0.0007096 0.9942774
10.344086 -0.0007138 -0.1849226 -0.0178861 0.0018753 -0.1226989 -0.0005738 0.9924420
10.410795 -0.0003917 -0.1943317 -0.0199640 0.0011280 -0.1334562 0.0004987 0.9910539
10.577568 0.0012634 -0.2099868 -0.0237968 -0.0009171 -0.1515884 -0.0000429 0.9884433
11.911650 0.0069335 -0.2534751 -0.0135961 0.0045463 -0.1138658 -0.0058860 0.9934683
13.212775 -0.0029335 -0.2651599 -0.0196866 -0.0182303 -0.1975500 -0.0086798 0.9800849
13.379739 -0.0023605 -0.2662431 -0.0204106 -0.0178016 -0.1901066 -0.0160938 0.9814701
16.348895 -0.0100438 -0.2667029 -0.0033075 0.0007794 -0.1670014 -0.0056068 0.9859404
17.349535 -0.0143376 -0.2550671 0.0024957 0.0050940 0.1092210 -0.0030003 0.9940000
17.949987 -0.0201144 -0.2581841 -0.0110643 -0.0136298 0.2066613 -0.0036203 0.9783109
18.250165 -0.0201396 -0.2584882 -0.0108765 -0.0047591 0.2841766 -0.0019745 0.9587582
19.150806 -0.0201430 -0.2586026 0.0016321 -0.0003848 0.5017771 0.0062629 0.8649743
19.685223 -0.0200723 -0.2584121 0.0020153 0.0088116 0.5642998 0.0096549 0.8254665
20.052640 -0.0199965 -0.2583706 0.0021060 0.0084649 0.5730302 0.0188557 0.8192736
20.352848 -0.0199461 -0.2583252 0.0021624 0.0116898 0.5873015 0.0183396 0.8090760
20.486273 -0.0199153 -0.2583187 0.0021700 0.0093557 0.5914961 0.0157336 0.8061001
21.086672 -0.0196743 -0.2582770 0.0022260 -0.0015519 0.6841702 0.0157820 0.7291500
21.253428 -0.0194865 -0.2582563 0.0021255 -0.0054650 0.7343516 0.0105150 0.6786659
21.720338 -0.0192209 -0.2582041 0.0020076 -0.0113049 0.8053282 -0.0040446 0.5927076
21.920438 -0.0192582 -0.2582484 0.0020959 -0.0093553 0.8358703 -0.0060149 0.5488144
21.987138 -0.0192760 -0.2583270 0.0021054 -0.0065329 0.8473028 -0.0026931 0.5310631
22.053843 -0.0192335 -0.2582454 0.0020943 -0.0054392 0.8601766 -0.0050588 0.5099422
94.005098 0.0055610 -0.2743302 -0.0783321 0.0018801 -0.7777188 -0.0075572 0.6285641
94.838835 -0.0061587 -0.2711944 -0.0462597 0.0088952 -0.7201372 -0.0106763 0.6936926
94.905525 -0.0060860 -0.2709738 -0.0462050 0.0099067 -0.7139372 -0.0115515 0.7000443
95.105595 -0.0068082 -0.2707465 -0.0459364 0.0090519 -0.6932146 -0.0135044 0.7205479
95.305662 -0.0070619 -0.2710302 -0.0460389 0.0086680 -0.6686872 -0.0151619 0.7433388
97.007179 -0.0252500 -0.2663822 -0.0656459 0.0063713 -0.3306806 0.0068980 0.9436960
97.240941 -0.0252808 -0.2664200 -0.0656086 0.0131193 -0.3129168 0.0065655 0.9496673
97.441138 -0.0254380 -0.2663735 -0.0656200 0.0092186 -0.2919888 0.0055068 0.9563615
97.674620 -0.0252207 -0.2662028 -0.0659349 0.0075811 -0.2538491 0.0030365 0.9672094
97.808038 -0.0252039 -0.2662019 -0.0659522 0.0062563 -0.2193168 0.0010248 0.9756331
101.010360 0.0085383 -0.2857523 -0.0139185 0.0220468 0.4979722 -0.0133506 0.8668099
101.143783 0.0049286 -0.3023466 -0.0110371 0.0597835 0.4991586 -0.0275614 0.8640064
101.243850 -0.0016409 -0.3196043 -0.0101641 0.0723197 0.4945636 -0.0289433 0.8656437
101.443984 -0.0225915 -0.3471376 -0.0142628 0.0643470 0.4731548 -0.0186392 0.8784285
101.544051 -0.0373845 -0.3581834 -0.0178899 0.0581729 0.4544209 -0.0072230 0.8888562
102.211157 -0.1682698 -0.4091913 -0.0778032 0.0285515 0.2241004 0.0117343 0.9740770
102.878202 -0.2961202 -0.4271766 -0.1667173 0.0289375 -0.0928801 0.0170239 0.9951111
103.778692 -0.4060796 -0.4167030 -0.2991052 0.0111039 -0.3923508 -0.0048646 0.9197358
103.945450 -0.4224276 -0.4252256 -0.3482956 0.0035449 -0.4307165 -0.0073830 0.9024501
104.579095 -0.4840706 -0.4259045 -0.4514144 -0.0144897 -0.6087534 -0.0092860 0.7931727
104.745841 -0.5021541 -0.4259312 -0.4754277 -0.0196256 -0.6542565 -0.0052569 0.7559998
105.513036 -0.5785063 -0.4296507 -0.5391486 0.0031192 -0.7828591 0.0184435 0.6219178
105.679837 -0.5902694 -0.4307941 -0.5425423 0.0056276 -0.7999004 0.0186485 0.5998166
105.813279 -0.5964304 -0.4312755 -0.5428800 0.0076354 -0.8151749 0.0159215 0.5789456
106.013440 -0.6032051 -0.4294392 -0.5378796 -0.0221828 -0.8300998 0.0730752 0.5523608
106.447111 -0.6052628 -0.4033554 -0.4790360 -0.0111072 -0.8396713 0.0338789 0.5419235
106.613898 -0.6021159 -0.3966465 -0.4438188 -0.0052210 -0.8383513 0.0205989 0.5447160
106.980829 -0.5933549 -0.3868606 -0.3598433 -0.0024761 -0.8270151 0.0061729 0.5621404
107.114259 -0.5890354 -0.3833767 -0.3291965 -0.0029716 -0.8249605 0.0014727 0.5651806
107.516531 -0.5739403 -0.3757097 -0.2437926 -0.0088966 -0.8413189 0.0013995 0.5404640
107.719405 -0.5668423 -0.3719229 -0.2030977 -0.0100875 -0.8612180 0.0051182 0.5081100
107.888543 -0.5616057 -0.3694263 -0.1706979 -0.0110008 -0.8783552 0.0076932 0.4778200
108.057752 -0.5559769 -0.3677860 -0.1376625 -0.0127839 -0.8958390 0.0078059 0.4441262
108.260895 -0.5491115 -0.3657058 -0.0971819 -0.0150942 -0.9157597 0.0075284 0.4013724
108.795936 -0.5370279 -0.3664915 0.0164488 -0.0158313 -0.9568678 0.0102800 0.2899101
109.029171 -0.5331854 -0.3671795 0.0683589 -0.0149675 -0.9717354 0.0097849 0.2353948
109.262392 -0.5295449 -0.3674310 0.1207985 -0.0116395 -0.9827603 0.0077947 0.1843534
109.562235 -0.5280750 -0.3671686 0.1885981 -0.0072299 -0.9921330 0.0043722 0.1249028
109.895341 -0.5275456 -0.3662676 0.2640627 -0.0074971 -0.9995807 0.0070485 0.0270658
110.994493 -0.5241008 -0.3640149 0.4932507 -0.0020747 -0.9578597 -0.0170462 -0.2867229
111.161013 -0.5217971 -0.3632925 0.5205578 -0.0102866 -0.9472720 -0.0290705 -0.3189434
111.360825 -0.5166496 -0.3626862 0.5472794 -0.0169683 -0.9334082 -0.0372311 -0.3564760
116.491359 -0.4925577 -0.3069572 0.4885400 0.0389276 0.6585259 0.0183385 0.7513268
116.824458 -0.4941996 -0.2788172 0.4266132 0.0284124 0.6272863 0.0097123 0.7782097
117.024299 -0.5004379 -0.2677924 0.3878855 0.0220236 0.6098884 0.0103262 0.7921140
117.523987 -0.5187397 -0.2475006 0.2878629 0.0216100 0.5388380 0.0151034 0.8419967
117.957321 -0.5353624 -0.2383034 0.2034926 0.0242393 0.4437777 0.0234125 0.8955030
118.757100 -0.5472806 -0.2338226 0.0306085 0.0178057 0.2432551 0.0060495 0.9697800
119.156851 -0.5529143 -0.2322683 -0.0565729 0.0218003 0.1557080 0.0141147 0.9874617
120.956389 -0.5527717 -0.2288510 -0.4661649 -0.0130335 -0.1582691 -0.0062272 0.9872904
121.323123 -0.5687217 -0.2369802 -0.5470476 -0.0452087 -0.1473521 -0.0042635 0.9880412
123.791598 -0.5725549 -0.2311093 -0.4956395 -0.0020588 -0.2358977 -0.0113605 0.9717093
125.096812 -0.6035336 -0.2314593 -0.5239019 -0.0074454 -0.3770120 0.0134838 0.9260803
125.963552 -0.5992125 -0.2261963 -0.5248369 -0.0560129 -0.4605681 0.0397332 0.8849638
126.930715 -0.5686405 -0.1367582 -0.3736382 -0.0223552 -0.5504677 0.0018024 0.8345551
127.430807 -0.5580710 -0.1151850 -0.2743639 -0.0109066 -0.6835689 0.0128119 0.7296920
127.864274 -0.5490841 -0.1060245 -0.1849658 -0.0081406 -0.7665178 0.0178981 0.6419221
128.331061 -0.5370140 -0.1030356 -0.0806845 -0.0039706 -0.8670495 0.0081762 0.4981391
128.731177 -0.5230510 -0.1052512 0.0068511 -0.0130211 -0.9530258 0.0114460 0.3023927
129.531583 -0.5146960 -0.1063916 0.2106791 -0.0063105 -0.9999380 0.0062761 -0.0067003
129.932498 -0.5226606 -0.1017394 0.3200613 0.0028295 -0.9995387 -0.0020263 -0.0301704
130.366869 -0.5213059 -0.0976673 0.4308875 -0.0031619 -0.9982370 -0.0051052 -0.0590510
130.800526 -0.5118273 -0.0932195 0.5256680 -0.0147991 -0.9870229 -0.0493620 -0.1520862
131.234061 -0.5036802 -0.0932067 0.5694990 -0.0210335 -0.9683846 -0.0476982 -0.2439546
132.067970 -0.4995678 -0.1000682 0.5436744 -0.0006582 -0.8669449 -0.0028029 -0.4983957
133.801849 -0.5043151 -0.0952285 0.5365318 -0.0004889 -0.8417344 -0.0091218 -0.5398145
134.268755 -0.5053608 -0.0985166 0.5455136 0.0010355 -0.8875070 -0.0106272 -0.4606706
135.335753 -0.4763410 -0.0980522 0.5488949 -0.0177848 -0.8186513 0.0074002 -0.5739678
135.802866 -0.4715654 -0.0962676 0.5437964 0.0129996 0.7324125 -0.0079439 0.6806907
136.236713 -0.4752947 -0.0980241 0.5286238 0.0505073 0.6215705 0.0455845 0.7803981
136.637107 -0.4680348 -0.0961988 0.4645144 0.0321148 0.5327896 0.0158314 0.8454900
137.104143 -0.4619645 -0.0953643 0.3686845 0.0233148 0.4602208 0.0215821 0.8872358
137.537819 -0.4583946 -0.0966457 0.2752188 0.0180290 0.3802826 0.0190969 0.9244974
137.938092 -0.4509929 -0.0956176 0.1802648 0.0151906 0.3500997 0.0176244 0.9364234
138.305014 -0.4428487 -0.0954655 0.0875456 0.0018894 0.3214264 0.0167179 0.9467852
138.805457 -0.4309805 -0.0938363 -0.0385606 -0.0014532 0.2936308 0.0192378 0.9557242
139.305949 -0.4048417 -0.0949962 -0.1644398 -0.0107741 0.2986912 0.0093344 0.9542434
139.839611 -0.3649681 -0.0950584 -0.2820699 -0.0023163 0.2513042 0.0022060 0.9679029
140.973534 -0.2800778 -0.0970761 -0.5144646 -0.0395751 0.2047814 -0.0275319 0.9776198
141.473827 -0.2729709 -0.1005910 -0.5652002 -0.0525973 0.2290186 -0.0365389 0.9713130
142.474320 -0.3089529 -0.0966738 -0.5209253 0.0079085 -0.0267385 0.0049760 0.9995988
142.908189 -0.3019282 -0.0967055 -0.5143958 0.0061917 -0.1186834 -0.0148926 0.9928012
143.408820 -0.2997427 -0.1036872 -0.5491105 -0.0151421 -0.2155393 -0.0130970 0.9762899
143.909394 -0.3058220 -0.0986839 -0.5411158 -0.0145865 -0.4495773 0.0009988 0.8931218
144.376601 -0.3025284 -0.1005484 -0.5419491 -0.0175770 -0.5573888 -0.0093629 0.8300127
144.810126 -0.3021781 -0.1008885 -0.5398437 -0.0116928 -0.6196706 -0.0095734 0.7847165
147.979611 -0.3006537 -0.2260674 -0.2032540 -0.0122431 -0.6750796 0.0083133 0.7375965
148.679891 -0.2882691 -0.2309049 -0.0571629 -0.0154035 -0.7611007 0.0079714 0.6484019
149.580197 -0.2697346 -0.2312778 0.1359936 -0.0122412 -0.9159775 0.0082392 0.4009582
150.347107 -0.2561291 -0.2339396 0.3186041 -0.0091951 -0.9742445 0.0061587 0.2252225
151.080698 -0.2301945 -0.2324790 0.4917350 -0.0329917 -0.9986001 -0.0403966 -0.0088057
151.747723 -0.2475763 -0.2355587 0.5564375 -0.0017220 -0.9819581 -0.0345147 -0.1859141
153.015236 -0.2346104 -0.2347668 0.5168148 -0.0175016 -0.9517207 0.0071792 -0.3063821
155.887258 -0.2270734 -0.2381058 0.5355726 0.0223918 0.3751312 -0.0005692 0.9267011
156.858623 -0.2290242 -0.3242023 0.3705319 0.0287487 0.3324484 -0.0042762 0.9426735
157.626253 -0.2460188 -0.3532032 0.1845763 0.0113196 0.4047888 0.0001964 0.9143401
161.461236 -0.3105143 -0.3683861 -0.5652805 -0.0422499 0.0097572 0.0068460 0.9990360
162.427806 -0.3097900 -0.3691105 -0.5307379 0.0135306 -0.0508113 0.0089491 0.9985765
164.826954 -0.3268871 -0.3796864 -0.5717641 -0.0002397 -0.1383999 0.0167299 0.9902351
165.926322 -0.3081738 -0.3731621 -0.5672352 -0.0283793 -0.1851532 0.0103153 0.9822457
166.859245 -0.3012483 -0.4233307 -0.4378772 -0.0256272 -0.1986335 0.0149125 0.9796253
167.792356 -0.2801683 -0.4360066 -0.2433646 -0.0072095 -0.4853252 0.0039800 0.8742949
168.825107 -0.2376690 -0.4395132 -0.0111139 -0.0072983 -0.6513841 0.0000670 0.7587131
170.024374 -0.2125155 -0.4410337 0.2589762 -0.0125941 -0.7201144 -0.0065675 0.6937100
171.224259 -0.2275651 -0.4425866 0.4946306 0.0000961 -0.8254899 -0.0311496 0.5635566
172.395058 -0.2586222 -0.4391452 0.5375495 0.0022625 -0.9526084 -0.0086435 0.3040682
173.596305 -0.2511540 -0.4417737 0.5074507 -0.0065961 -0.9902775 0.0035824 0.1389034
180.438454 -0.5087305 -0.4342558 -0.3129537 0.0198239 0.4342487 -0.0001642 0.9005749
181.472590 -0.5644435 -0.4330796 -0.5170923 -0.0300701 0.2824863 0.0032257 0.9587945
182.672745 -0.5684896 -0.4371607 -0.5323825 0.0094832 0.2146193 -0.0034711 0.9766456
183.539785 -0.5605586 -0.4370853 -0.5126193 0.0137056 0.1678765 -0.0136445 0.9856184
184.406544 -0.5770094 -0.4358868 -0.5164619 0.0009331 0.1098150 0.0004935 0.9939515
185.240410 -0.5872359 -0.4354118 -0.5209258 0.0000664 0.0277868 0.0026947 0.9996102
186.107412 -0.5855848 -0.4245825 -0.5101532 -0.0613093 -0.0383790 0.0112878 0.9973168
187.007414 -0.5588101 -0.3785940 -0.3547598 -0.0078399 -0.1960796 -0.0000160 0.9805567
190.208490 -0.4698932 -0.3739958 0.2740718 -0.0190610 -0.7090931 -0.0114358 0.7047644
191.242226 -0.4966179 -0.3737695 0.4843070 -0.0085253 -0.7941562 -0.0178891 0.6073906
192.344118 -0.5297061 -0.3716472 0.5646663 0.0083358 -0.9343141 -0.0175233 0.3559223
193.278589 -0.5158593 -0.3702608 0.5314708 -0.0152439 -0.9927122 0.0060587 0.1193877
194.612771 -0.5094708 -0.3610156 0.5429367 -0.0116123 -0.9900410 -0.0083700 -0.1400501
195.413478 -0.5075707 -0.3600962 0.5377666 -0.0136113 -0.9507201 0.0032762 -0.3097341
198.683658 -0.5962337 -0.2315791 0.0152292 0.0028443 0.7235762 0.0105988 0.6901572
199.650595 -0.6112933 -0.2311742 -0.1851594 -0.0053429 -0.7242871 -0.0113136 -0.6893851
200.652546 -0.5916315 -0.2339972 -0.3911029 0.0006259 -0.7148709 -0.0070864 -0.6992203
201.619806 -0.5740882 -0.2380172 -0.5548879 0.0383528 -0.6936718 0.0261296 -0.7187948
203.520165 -0.5374301 -0.2310678 -0.5219461 0.0082335 0.4890584 -0.0133574 0.8721099
204.721592 -0.5607597 -0.2311526 -0.5247314 -0.0109176 0.3604513 -0.0068225 0.9326892
205.921719 -0.5820276 -0.2307077 -0.5039488 -0.0270656 0.2977006 -0.0014081 0.9542745
206.955171 -0.5519679 -0.1395542 -0.3843116 -0.0173915 0.1004632 -0.0085897 0.9947517
209.992547 -0.4714082 -0.0970428 0.2102819 -0.0173690 -0.6918355 -0.0054336 0.7218259
211.025993 -0.4694096 -0.0973173 0.4386446 -0.0202191 -0.8690525 -0.0122240 0.4941553
212.059516 -0.5148150 -0.0945576 0.5784992 0.0216507 -0.9280972 -0.0389503 0.3696617
214.334799 -0.5093364 -0.0965585 0.5345565 0.0066153 -0.9827302 -0.0205221 0.1837841
215.440455 -0.5047888 -0.0954641 0.5287445 -0.0116817 -0.9907880 0.0058803 -0.1347893
216.339888 -0.5007403 -0.0885925 0.4959952 -0.0213259 -0.9519076 -0.0453351 -0.3022611
217.372482 -0.4904998 -0.0941872 0.3075536 -0.0086443 -0.9330622 -0.0115479 -0.3594258
218.171613 -0.4927753 -0.0950847 0.1500783 0.0052389 -0.9157691 -0.0173829 -0.4012946
219.104094 -0.4620183 -0.0907869 -0.0339370 -0.0097863 -0.8933361 -0.0094093 -0.4491842
219.970383 -0.4142893 -0.0932730 -0.2055035 -0.0062827 -0.8435550 -0.0045858 -0.5369865
220.804353 -0.3681135 -0.0966434 -0.3710180 -0.0005205 -0.8133008 -0.0062394 -0.5818097
221.636823 -0.3146584 -0.0963427 -0.5284098 0.0182520 -0.7985043 0.0203967 -0.6013666
222.602670 -0.2733656 -0.0948837 -0.5743748 0.0067813 -0.6516271 0.0279670 -0.7579935
223.668150 -0.2826781 -0.0958992 -0.5446789 0.0074987 0.5042335 -0.0086174 0.8634917
225.334184 -0.3001271 -0.0975835 -0.5511793 -0.0111359 0.0566905 -0.0021437 0.9983274
226.267328 -0.2907882 -0.0993509 -0.5369423 -0.0303074 -0.0837741 -0.0017840 0.9960222
227.200056 -0.2769752 -0.1953198 -0.4218649 -0.0204632 -0.1811497 0.0030205 0.9832380
228.366066 -0.2468041 -0.2306226 -0.2004468 -0.0136891 -0.2591951 -0.0013548 0.9657270
229.532021 -0.2426971 -0.2338552 0.0698056 -0.0053329 -0.3973414 -0.0029150 0.9176507
230.772854 -0.2094015 -0.2374538 0.2877019 -0.0165714 -0.5125516 -0.0137457 0.8583865
231.974053 -0.2305520 -0.2358017 0.5151702 0.0116540 -0.6733623 -0.0343501 0.7384223
233.174724 -0.2583773 -0.2341508 0.5424916 -0.0001414 -0.8402523 -0.0070007 0.5421504
234.875054 -0.2502972 -0.2374028 0.5245304 -0.0104170 -0.9445935 -0.0134961 0.3277994
236.620488 -0.2604560 -0.3075784 0.4539692 -0.0215278 -0.9858657 -0.0277251 -0.1638193
237.524038 -0.3001753 -0.3488530 0.2991114 -0.0141067 -0.9684442 -0.0165244 -0.2482815
238.389871 -0.3402690 -0.3666906 0.1327603 -0.0053960 -0.9364152 -0.0105184 -0.3506947
239.289061 -0.3596745 -0.3711195 -0.0370016 -0.0053809 -0.9183037 -0.0167909 -0.3954838
240.154871 -0.3640937 -0.3734825 -0.2017280 -0.0032908 -0.8575473 -0.0178330 -0.5140853
241.020769 -0.3529248 -0.3703976 -0.3713713 0.0063830 -0.8368076 -0.0161729 -0.5472210
241.887576 -0.3141870 -0.3731774 -0.5371169 0.0174877 -0.8598821 0.0225740 -0.5096935
242.686862 -0.2644222 -0.3730623 -0.5871252 -0.0094144 -0.8663619 0.0375210 -0.4979163
244.589654 -0.3009256 -0.3752809 -0.5443515 0.0123880 -0.7689610 -0.0152104 -0.6389948
245.422729 -0.2820136 -0.3763588 -0.5469673 -0.0074174 -0.6757107 -0.0007900 -0.7371292
246.388434 -0.2716338 -0.4066030 -0.5382633 -0.0423954 0.5915756 -0.0341745 0.8044086
247.354130 -0.2610168 -0.4300933 -0.3749878 -0.0115318 0.3921043 -0.0111313 0.9197811
248.586096 -0.2594549 -0.4345966 -0.1406261 -0.0044053 0.1102881 0.0003324 0.9938899
249.663345 -0.2258332 -0.4401166 0.0394723 -0.0083069 -0.0103968 -0.0088193 0.9998726
250.695264 -0.1973058 -0.4282763 0.2425988 -0.0066027 -0.2394258 -0.0115989 0.9708229
251.858922 -0.2044268 -0.4405416 0.4162330 -0.0209206 -0.6473550 -0.0001049 0.7619016
252.931280 -0.2455286 -0.4354311 0.5538714 0.0204829 -0.8495092 -0.0205801 0.5267741
256.031327 -0.2497876 -0.4350939 0.5193257 -0.0076883 -0.8006970 -0.0124073 0.5988917
257.329397 -0.2378174 -0.2915867 0.5272128 -0.0117678 0.0002511 -0.0224790 0.9996780
272.967100 -0.1131251 -0.2726074 0.2406918 0.0088953 -0.0442276 -0.0001682 0.9989819
277.740294 0.0025099 -0.1664219 0.0026881 0.0028534 0.0370910 -0.0109561 0.9992478
278.974872 0.0019602 0.0002389 0.0016554 0.0006141 0.1332712 -0.0006091 0.9910793
