0.551193 0.0000000 0.0000000 0.0000000 -0.0000000 -0.0000000 -0.0000000 1.0000000
9.526834 -0.0009925 -0.0162480 0.0007067 -0.0046549 -0.0204176 0.0050523 0.9997680
9.560166 -0.0008608 -0.0218097 0.0011643 -0.0038315 -0.0266212 0.0062711 0.9996186
9.626831 -0.0014369 -0.0370791 0.0011106 -0.0027621 -0.0403674 0.0060747 0.9991626
9.660162 -0.0014812 -0.0457615 0.0010005 -0.0032048 -0.0482541 0.0054172 0.9988152
9.726825 -0.0019562 -0.0647759 0.0013879 -0.0020135 -0.0649824 0.0039445 0.9978766
9.760157 -0.0019293 -0.0746716 0.0011294 -0.0006132 -0.0733583 0.0040029 0.9972974
9.826819 -0.0024198 -0.0931100 0.0014137 0.0011520 -0.0894251 0.0018736 0.9959911
9.893480 -0.0024839 -0.1096765 0.0016155 0.0041877 -0.1048630 0.0016775 0.9944765
9.960140 -0.0023917 -0.1243447 0.0020081 0.0048708 -0.1199318 0.0004387 0.9927701
10.060378 -0.0028719 -0.1427262 0.0022670 0.0065033 -0.1416868 0.0021534 0.9898878
10.328692 -0.0036866 -0.1756478 0.0026211 0.0059722 -0.1952941 0.0052742 0.9807124
10.395782 -0.0037609 -0.1811508 0.0023211 0.0073921 -0.2042976 0.0062551 0.9788610
11.033344 -0.0029395 -0.2152936 -0.0029103 0.0088736 -0.2875050 -0.0009660 0.9577376
11.333188 -0.0034876 -0.2477162 -0.0108655 0.0028399 -0.3747527 0.0066738 0.9270964
11.533069 -0.0041972 -0.2621990 -0.0166194 -0.0006073 -0.4318514 0.0108326 0.9018795
11.766247 -0.0037498 -0.2747312 -0.0234288 -0.0031122 -0.4944883 0.0122995 0.8690917
12.099348 -0.0003311 -0.2881826 -0.0287428 -0.0054572 -0.5779312 0.0141762 0.8159441
12.698977 0.0106496 -0.3021652 -0.0291299 -0.0002834 -0.7027028 0.0019301 0.7114809
12.765595 0.0114292 -0.3032519 -0.0274237 -0.0024017 -0.7152141 -0.0003069 0.6989012
12.932135 0.0142583 -0.3043992 -0.0269190 -0.0033049 -0.7414917 -0.0033850 0.6709453
13.864843 0.0187328 -0.3062762 -0.0286844 -0.0044672 -0.8450394 -0.0068726 0.5346413
14.231274 0.0125701 -0.3067315 -0.0310972 -0.0055103 -0.8742036 -0.0036294 0.4855147
14.730972 0.0007666 -0.3087645 -0.0386169 -0.0019169 -0.9155297 -0.0028339 0.4022359
14.764282 0.0008489 -0.3087812 -0.0386309 -0.0014576 -0.9181262 -0.0026808 0.3962764
14.864211 0.0006657 -0.3087640 -0.0386746 -0.0002602 -0.9258615 -0.0042131 0.3778394
15.697001 -0.0001656 -0.3105587 -0.0454673 0.0019730 -0.9702707 -0.0081763 0.2418762
15.796925 -0.0003267 -0.3109289 -0.0469149 0.0005918 -0.9737491 -0.0073357 0.2275051
29.014586 -0.0149438 -0.1875599 -0.0293459 -0.0069510 -0.1882344 -0.0020666 0.9820974
29.314377 -0.0171858 -0.1914701 0.0154779 -0.0060128 -0.3072185 0.0031548 0.9516148
29.447630 -0.0188819 -0.1939903 0.0351886 -0.0062169 -0.3581249 0.0067138 0.9336289
29.514255 -0.0199168 -0.1946183 0.0448623 -0.0050388 -0.3811908 0.0084506 0.9244440
29.847352 -0.0220671 -0.1965015 0.0946614 -0.0018835 -0.4564596 0.0167476 0.8895845
29.980579 -0.0211116 -0.1959361 0.1152136 -0.0024078 -0.4744240 0.0153203 0.8801599
30.047191 -0.0209398 -0.1955662 0.1253891 -0.0031985 -0.4802349 0.0129199 0.8770390
30.147106 -0.0198917 -0.1952064 0.1407780 -0.0031780 -0.4859778 0.0122784 0.8738791
30.580013 -0.0123995 -0.1932886 0.2096726 -0.0065809 -0.4821467 0.0095630 0.8760136
30.813085 -0.0074121 -0.1922027 0.2469406 -0.0099110 -0.4771158 0.0022793 0.8787816
30.879672 -0.0062740 -0.1920993 0.2568108 -0.0112564 -0.4792246 -0.0022619 0.8776172
30.979550 -0.0041143 -0.1918468 0.2729535 -0.0118153 -0.4878901 -0.0045910 0.8728130
31.079423 -0.0028658 -0.1918120 0.2879688 -0.0112829 -0.5018906 -0.0039608 0.8648484
31.312511 -0.0018303 -0.1905953 0.3209116 -0.0146638 -0.5441735 -0.0026368 0.8388405
31.412407 -0.0026015 -0.1907400 0.3348657 -0.0134082 -0.5649854 -0.0019358 0.8249897
31.512299 -0.0039071 -0.1906226 0.3486861 -0.0049684 -0.5879175 -0.0033239 0.8088989
31.645480 -0.0063069 -0.1917642 0.3666223 0.0129546 -0.6256239 -0.0064753 0.7799903
31.745361 -0.0078293 -0.1931665 0.3788041 0.0229004 -0.6576229 -0.0135044 0.7528781
31.845238 -0.0088919 -0.1950967 0.3898304 0.0302720 -0.6921658 -0.0213511 0.7207872
32.244761 -0.0063076 -0.2012298 0.4153155 0.0325005 -0.7996219 -0.0313256 0.5988048
32.444558 -0.0035701 -0.2010311 0.4157904 0.0224652 -0.8418990 -0.0247044 0.5386012
32.511153 -0.0039203 -0.2008639 0.4158469 0.0205376 -0.8544062 -0.0197327 0.5188246
32.877392 -0.0001196 -0.2000052 0.4121272 0.0064051 -0.9166291 -0.0142043 0.3994350
32.977265 -0.0010861 -0.2002954 0.4112722 0.0021213 -0.9305563 -0.0123453 0.3659346
33.043845 -0.0013733 -0.1999350 0.4105671 0.0003567 -0.9384286 -0.0116189 0.3452777
33.210326 -0.0027362 -0.1997760 0.4091641 -0.0036219 -0.9553047 -0.0118425 0.2953636
33.510041 -0.0059886 -0.1982511 0.4030803 -0.0144722 -0.9767954 -0.0095615 0.2134710
33.743128 -0.0088408 -0.1972455 0.3996030 -0.0165004 -0.9885876 -0.0089512 0.1494728
33.843015 -0.0088557 -0.1972434 0.3995650 -0.0149954 -0.9924105 -0.0057550 0.1219153
34.042777 -0.0088771 -0.1972488 0.3995839 -0.0167562 -0.9968897 -0.0019324 0.0769836
34.475660 -0.0089016 -0.1972278 0.3995259 -0.0108669 -0.9999302 0.0031818 0.0033826
34.508958 -0.0089385 -0.1972207 0.3994518 0.0106555 0.9999366 -0.0032383 0.0016622
34.708733 -0.0089389 -0.1971914 0.3994594 0.0088948 0.9991766 0.0029407 0.0394774
34.775321 -0.0089766 -0.1972610 0.3996407 0.0074816 0.9985568 0.0032515 0.0530837
35.507823 -0.0089343 -0.1971784 0.3995791 0.0019018 0.9826398 -0.0013278 0.1855094
35.740890 -0.0089466 -0.1971814 0.3996280 0.0047493 0.9752848 0.0034862 0.2208733
35.807476 -0.0089696 -0.1971889 0.3996581 0.0066301 0.9732332 0.0056697 0.2296540
35.940642 -0.0089107 -0.1971965 0.3996170 0.0173217 0.9662646 0.0542531 0.2511758
36.007222 -0.0089068 -0.1972081 0.3996221 0.0236295 0.9628845 0.0641935 0.2611022
39.141303 0.0013220 -0.2830990 -0.0795245 0.0041471 0.9373079 0.0204984 0.3478743
39.275130 0.0005602 -0.2825337 -0.0989264 0.0042886 0.9312384 0.0185458 0.3639132
39.308590 0.0006314 -0.2832774 -0.1037323 0.0050054 0.9296965 0.0186672 0.3678191
39.509381 0.0013958 -0.2830950 -0.1316946 0.0074760 0.9196246 0.0161874 0.3923934
39.609795 0.0021859 -0.2827454 -0.1458939 0.0080413 0.9142117 0.0144685 0.4048989
41.146286 0.0049069 -0.2841854 -0.3620489 0.0149641 0.8450340 0.0134310 0.5343345
41.212995 0.0042951 -0.2839374 -0.3712502 0.0126305 0.8416465 0.0105159 0.5397787
41.413120 0.0030980 -0.2869322 -0.3964926 0.0012309 0.8318365 -0.0025412 0.5550135
42.580969 -0.0149510 -0.2860197 -0.4428813 -0.0088361 0.8392505 0.0081639 0.5436119
43.282093 -0.0171791 -0.2889451 -0.4225300 0.0019607 0.8611237 0.0336587 0.5072763
43.515603 -0.0146149 -0.2893845 -0.4209280 0.0014199 0.8639267 0.0333987 0.5025069
45.183558 0.0117841 -0.2923259 -0.4395650 0.0033871 0.7720708 0.0006468 0.6355273
46.718184 0.0032236 -0.2870903 -0.3972922 -0.0019897 0.4875822 -0.0027702 0.8730704
46.784898 0.0032296 -0.2870893 -0.3972896 0.0020232 0.4700154 -0.0031432 0.8826504
46.851613 0.0032350 -0.2870888 -0.3972874 0.0050887 0.4524094 -0.0010562 0.8917952
46.951684 0.0032437 -0.2870873 -0.3972839 0.0128529 0.4277520 -0.0001344 0.9038047
47.018398 0.0032480 -0.2870869 -0.3972823 0.0142626 0.4121686 -0.0009054 0.9109955
47.085113 0.0032535 -0.2870856 -0.3972800 0.0156308 0.3976693 -0.0001000 0.9173957
47.118469 0.0032554 -0.2870861 -0.3972792 0.0160123 0.3904873 0.0001178 0.9204690
47.385448 0.0032720 -0.2870821 -0.3972706 0.0222034 0.3386697 0.0003351 0.9406433
47.452197 0.0032852 -0.2870838 -0.3972625 0.0244727 0.3296489 0.0011273 0.9437857
58.226647 0.0791489 -0.3408828 0.0849810 0.0043614 0.9998498 0.0144674 -0.0084905
58.393415 0.0812793 -0.3405726 0.0603921 -0.0002742 0.9997588 0.0113638 -0.0187929
58.460123 0.0820708 -0.3409996 0.0505557 -0.0011866 0.9997084 0.0117971 -0.0210380
58.493476 0.0821720 -0.3406548 0.0458156 -0.0031226 0.9997143 0.0107507 -0.0211209
58.893716 0.0884581 -0.3377384 -0.0070865 -0.0128202 0.9997422 0.0167008 -0.0085027
59.696738 0.1063450 -0.3379447 -0.1163236 -0.0035123 0.9995338 0.0161113 -0.0256956
59.998484 0.1166018 -0.3377788 -0.1575304 -0.0080562 0.9997951 0.0175461 0.0060817
60.065550 0.1190997 -0.3377933 -0.1665315 -0.0072391 0.9996779 0.0178820 0.0164919
60.366276 0.1302573 -0.3367628 -0.2065283 -0.0032750 0.9975119 0.0295203 0.0639361
60.633017 0.1412540 -0.3373699 -0.2440001 -0.0028316 0.9937213 0.0267611 0.1085992
60.766384 0.1467806 -0.3373003 -0.2630392 -0.0025657 0.9911714 0.0228747 0.1305736
60.866408 0.1510654 -0.3379860 -0.2776721 -0.0022244 0.9890885 0.0213024 0.1457578
61.099793 0.1603592 -0.3383398 -0.3107042 -0.0011268 0.9833816 0.0204367 0.1803934
61.333172 0.1695096 -0.3381677 -0.3430887 0.0025338 0.9762249 0.0209731 0.2157284
61.599883 0.1791772 -0.3377559 -0.3793433 0.0028912 0.9651083 0.0235714 0.2607722
62.733412 0.1931319 -0.3384978 -0.4632473 -0.0046073 0.9519254 -0.0149601 0.3059298
64.534150 0.2054389 -0.3441331 -0.4371831 0.0168611 0.9630062 0.0191933 0.2682656
64.767571 0.2029900 -0.3452863 -0.4425632 0.0134493 0.9694014 0.0093992 0.2449320
65.467783 0.1908549 -0.3444488 -0.4558983 -0.0043391 0.9788548 -0.0019476 0.2045011
66.134545 0.1848298 -0.3372429 -0.4466455 -0.0134494 0.9794097 -0.0503762 0.1950333
66.701317 0.1854142 -0.3105497 -0.3829822 -0.0103568 0.9559336 -0.0227774 0.2925148
68.068221 0.1920779 -0.2918339 -0.1450083 -0.0036755 0.6536527 0.0131756 0.7566711
68.604260 0.1884131 -0.2934057 -0.0609953 -0.0046103 0.5023836 0.0123877 0.8645439
69.141428 0.1908321 -0.2938273 0.0094502 -0.0084346 0.4009586 0.0041220 0.9160480
69.741687 0.1974753 -0.2913902 0.0876589 -0.0089545 0.3479203 -0.0018709 0.9374795
70.507973 0.2076978 -0.2902088 0.1942259 -0.0055788 0.2922198 -0.0049618 0.9563221
70.741221 0.2098232 -0.2905049 0.2273739 -0.0047740 0.2664571 -0.0046577 0.9638237
71.041091 0.2085350 -0.2906118 0.2699430 -0.0069443 0.2008854 -0.0044628 0.9795800
71.207681 0.2072981 -0.2906658 0.2929868 -0.0088386 0.1678385 -0.0038977 0.9857672
71.341032 0.2060847 -0.2907045 0.3114239 -0.0108731 0.1399209 -0.0054241 0.9900882
71.474380 0.2048125 -0.2911096 0.3296715 -0.0038832 0.1082175 -0.0030349 0.9941151
71.707731 0.2018855 -0.2921767 0.3596089 0.0196814 0.0469980 0.0019779 0.9986991
71.874403 0.2001200 -0.2929283 0.3769338 0.0315701 0.0001764 0.0014335 0.9995005
72.074403 0.1984325 -0.2944036 0.3913291 0.0363050 -0.0642307 0.0022301 0.9972720
72.641084 0.1955209 -0.2954345 0.3987406 0.0172666 -0.2552531 -0.0034896 0.9667138
73.507722 0.1984243 -0.2930749 0.3760422 -0.0145167 -0.4802434 -0.0026783 0.8770111
74.141001 0.1888745 -0.2942319 0.3732838 0.0018954 -0.5945765 -0.0001583 0.8040368
74.274318 0.1407018 -0.2575533 0.2651719 0.0238459 -0.5642383 0.0101346 0.8252054
74.840889 0.1835023 -0.2961865 0.3777877 -0.0025447 0.6803585 -0.0030451 -0.7328687
78.644589 0.2055074 -0.1913312 0.0237723 -0.0006552 0.9541072 0.0226949 -0.2986034
79.944948 0.1843149 -0.1874630 -0.1700523 -0.0029822 0.9910511 0.0165034 -0.1324257
80.646919 0.1836780 -0.1884629 -0.2780561 -0.0000456 0.9995651 0.0111660 0.0272943
81.349828 0.1878890 -0.1887615 -0.3814633 0.0036447 0.9814591 0.0063763 0.1915308
82.082920 0.1773955 -0.1879212 -0.4589496 -0.0157952 0.9684688 -0.0414532 0.2451538
82.849252 0.1669548 -0.1840802 -0.4555647 -0.0178996 0.9778559 -0.0081015 0.2083552
83.548890 0.1790668 -0.1838289 -0.4303553 -0.0080765 0.9322314 0.0292810 0.3605858
84.415672 0.2017537 -0.1901625 -0.4411767 0.0026872 0.9449709 -0.0043211 0.3271150
85.118127 0.2001739 -0.1916519 -0.4581902 -0.0150786 0.9546458 -0.0146503 0.2970007
85.785274 0.2016151 -0.1883575 -0.4496122 -0.0039774 0.9650757 -0.0005001 0.2619408
86.485180 0.2076803 -0.1341226 -0.3923458 -0.0086690 0.9598789 -0.0231507 0.2793230
88.551975 0.2024314 -0.0943374 -0.0592806 -0.0035620 0.4706185 0.0087643 0.8822861
88.952031 0.1959997 -0.0966653 0.0101033 -0.0125695 0.2697295 0.0079549 0.9628213
89.452121 0.1889535 -0.0962172 0.0992411 0.0157257 0.1530169 0.0227959 0.9878355
89.818887 0.1897601 -0.0916410 0.1541006 0.0014998 0.1136187 0.0131130 0.9934368
90.085616 0.1900809 -0.0906887 0.1915632 0.0001527 0.0364077 0.0109709 0.9992768
90.385678 0.1934177 -0.0907338 0.2314364 -0.0034361 -0.0266351 0.0059197 0.9996218
90.685731 0.1998484 -0.0885375 0.2711132 -0.0076302 -0.0411709 0.0028844 0.9991189
90.952434 0.2044602 -0.0866778 0.3073265 -0.0072646 -0.0808740 -0.0006329 0.9966977
91.252464 0.2056761 -0.0888393 0.3486625 0.0141902 -0.1870741 -0.0070694 0.9822179
91.585866 0.2030973 -0.0951412 0.3835032 0.0411907 -0.3363381 -0.0215402 0.9405934
91.919254 0.2031108 -0.0976341 0.3988382 0.0370077 -0.4093346 -0.0277448 0.9112112
92.852890 0.1988197 -0.0913109 0.3853200 0.0036541 -0.4253646 0.0004488 0.9050146
93.553122 0.1957052 -0.0901229 0.3760434 -0.0130023 -0.4485752 -0.0057193 0.8936323
93.886520 0.1938267 -0.0905177 0.3776073 -0.0037717 -0.5095071 -0.0109689 0.8603882
94.553301 0.1847364 -0.0923436 0.3763520 -0.0047318 -0.6116031 -0.0105003 0.7910810
94.820009 0.1819932 -0.0945052 0.3750247 0.0073621 0.6549343 0.0020485 -0.7556472
95.120043 0.1797156 -0.0944796 0.3737026 0.0054069 0.7037117 -0.0014062 -0.7104638
96.594089 0.1893417 -0.0918534 0.3777108 0.0014450 0.8666121 0.0101341 -0.4988774
96.827997 0.1919454 -0.0915144 0.3777669 0.0022933 0.8833293 0.0119080 -0.4685961
97.362597 0.1959432 -0.0903319 0.3770084 0.0055088 0.9026830 0.0140592 -0.4300413
99.829991 0.1927026 -0.0892917 0.3669121 0.0031277 0.9678522 0.0025028 -0.2514876
100.563419 0.1982145 -0.0921051 0.3690180 0.0099062 0.9797221 0.0067635 -0.2000019
100.730105 0.1990197 -0.0924893 0.3685659 0.0081341 0.9833224 0.0057703 -0.1815977
100.896788 0.1995220 -0.0934465 0.3678547 -0.0104812 0.9872205 0.0235871 -0.1572559
101.063466 0.2021183 -0.1129303 0.3631344 -0.0305110 0.9905748 0.0532521 -0.1224536
101.263475 0.2098740 -0.1380376 0.3496598 -0.0250018 0.9948092 0.0498431 -0.0851187
101.463485 0.2210040 -0.1567289 0.3301996 -0.0116282 0.9979814 0.0338823 -0.0524398
101.663489 0.2345761 -0.1714972 0.3079910 -0.0019407 0.9991075 0.0285845 -0.0310379
102.030144 0.2575034 -0.1892799 0.2629406 0.0006512 0.9995942 0.0213299 -0.0188695
102.863499 0.3034993 -0.2091057 0.1616938 -0.0090467 0.9964854 0.0284578 0.0782645
102.963500 0.3096506 -0.2102765 0.1492683 -0.0079042 0.9940560 0.0292720 0.1045629
103.930195 0.3752206 -0.2221399 0.0214747 0.0010048 0.8966844 0.0117111 0.4425143
105.996963 0.3831364 -0.2112844 -0.0301985 -0.0130179 0.8367314 0.0308022 0.5465916
111.903252 0.3999885 -0.2145029 -0.0327329 -0.0028088 0.5987330 0.0136042 0.8008282
113.376168 0.4088967 -0.2256591 -0.0372649 0.0044523 0.6646615 0.0104525 0.7470582
115.309335 0.4089160 -0.2197411 -0.0270424 0.0064244 0.5145441 0.0012018 0.8574390
118.676352 0.3909687 -0.2087478 -0.0167812 0.0147443 0.0762886 0.0134624 0.9968858
119.776194 0.3830635 -0.2058121 -0.0277045 0.0012038 -0.1618962 0.0165784 0.9866678
120.476375 0.3761036 -0.2093149 -0.0389914 0.0009683 -0.4755268 0.0163601 0.8795485
121.946147 0.3960136 -0.2204859 -0.0310571 0.0011564 -0.6239538 -0.0162854 0.7812908
140.455778 0.3950954 -0.2153434 -0.0301223 -0.0068098 0.0003857 0.0066311 0.9999548
146.058791 0.3907481 -0.2132076 -0.0335427 0.0034734 0.8365159 0.0089841 -0.5478580
153.998582 0.4107513 -0.2163901 -0.0288118 0.0118783 0.8356603 0.0179864 0.5488237
154.966012 0.4109718 -0.2191366 -0.0361372 0.0095140 0.8152695 0.0104398 0.5789095
163.271452 0.3919299 -0.2122770 -0.0238036 -0.0016241 -0.2392958 0.0035091 0.9709390
164.038646 0.3879126 -0.2122866 -0.0275446 0.0013108 -0.3634953 0.0027854 0.9315910
166.740973 0.3875404 -0.2141740 -0.0392578 -0.0038496 0.8760660 0.0026337 -0.4821687
167.474832 0.3926613 -0.2138634 -0.0415025 -0.0007312 0.9499895 0.0090754 -0.3121492
170.343540 0.3871686 -0.2160464 -0.0436693 -0.0108711 0.9994591 0.0066017 -0.0303261
171.878057 0.4062420 -0.2141433 -0.0452660 0.0044239 0.9878077 0.0064595 0.1554823
172.912089 0.4067549 -0.2157445 -0.0425169 0.0068510 0.9682750 0.0099532 0.2495947
180.817468 0.4063011 -0.2109855 -0.0246551 0.0105837 0.4650331 0.0096898 0.8851770
181.284444 0.4117005 -0.2555743 -0.0129668 -0.0526253 0.2691707 0.0310182 0.9611533
181.618032 0.4336256 -0.2844484 0.0106328 -0.0286180 0.1140097 0.0202898 0.9928601
181.951671 0.4631178 -0.3044857 0.0388163 -0.0171159 -0.0429209 0.0150142 0.9988191
182.318684 0.4985920 -0.3184221 0.0713045 -0.0123191 -0.2125358 0.0126057 0.9769943
182.719104 0.5371735 -0.3258817 0.1060438 -0.0055355 -0.3849133 0.0148707 0.9228163
183.119560 0.5762788 -0.3301733 0.1438067 0.0042408 -0.5352621 0.0209860 0.8444147
184.120404 0.6934931 -0.3406084 0.2462037 0.0008447 0.7863211 -0.0133921 -0.6176724
184.720818 0.7613337 -0.3392889 0.3079555 -0.0008624 0.8824750 -0.0099964 -0.4702524
185.287902 0.8142740 -0.3410528 0.3535615 0.0171462 0.9414817 0.0372066 -0.3345652
186.989065 0.8036036 -0.3433885 0.3431968 -0.0053150 0.9839339 -0.0141286 -0.1778937
187.756273 0.8026316 -0.3407408 0.3557140 -0.0066444 0.9960908 0.0021544 -0.0880582
188.423386 0.8109632 -0.3394941 0.3588180 0.0006694 0.9995447 0.0057824 -0.0296056
188.923717 0.8183864 -0.3414744 0.3529501 0.0047748 0.9990661 -0.0005307 0.0429408
190.524842 0.8239710 -0.3418229 0.3536973 0.0055589 0.9719320 0.0048329 0.2351467
191.492218 0.8281519 -0.3158021 0.3102078 0.0128986 0.9360552 0.0290460 0.3504148
192.126096 0.8234297 -0.3033961 0.2166043 -0.0020992 0.9089388 0.0152007 0.4166471
192.659859 0.8123974 -0.2965337 0.1337482 -0.0073975 0.8918213 0.0167561 0.4520169
193.160190 0.8037311 -0.2937866 0.0585428 -0.0115116 0.8571627 0.0178954 0.5146062
193.627165 0.7988335 -0.2928625 -0.0096435 -0.0063954 0.8054371 0.0182203 0.5923666
194.094140 0.7965787 -0.2912893 -0.0763143 -0.0026845 0.7303770 0.0180836 0.6827997
194.494402 0.7969636 -0.2901142 -0.1312431 0.0024507 0.6608607 0.0179563 0.7502898
194.994783 0.7981069 -0.2885166 -0.1965978 0.0133153 0.5441419 0.0182595 0.8386888
195.928785 0.7999964 -0.2887049 -0.3233985 0.0197721 0.3136940 0.0136449 0.9492202
196.929596 0.7947438 -0.2853450 -0.4511110 -0.0344944 0.1138421 0.0012887 0.9928990
197.330007 0.7895572 -0.2881765 -0.4625043 -0.0251989 0.0235876 0.0090406 0.9993633
197.696966 0.7846009 -0.2895063 -0.4550312 -0.0024433 -0.0498422 0.0162875 0.9986213
199.464934 0.7934639 -0.2865249 -0.4460223 0.0042274 -0.3640014 0.0063444 0.9313672
199.865252 0.7955302 -0.2847154 -0.4500441 0.0026534 -0.3969368 0.0088082 0.9177998
200.799287 0.8038837 -0.2939352 -0.4585588 0.0093139 -0.4732009 0.0025956 0.8809015
201.399685 0.7747968 -0.2275456 -0.3980047 -0.0158143 -0.5398278 0.0294115 0.8411129
201.833299 0.7834803 -0.2137786 -0.3512800 -0.0045177 -0.5926312 0.0227946 0.8051386
202.400326 0.7584894 -0.1860364 -0.2633228 0.0010028 -0.5980313 0.0187030 0.8012539
202.867310 0.7643629 -0.1814884 -0.1990038 0.0025227 -0.6130596 0.0211069 0.7897506
203.567787 0.7767134 -0.1783360 -0.0994064 -0.0021891 -0.6252117 0.0097418 0.7803913
204.735183 0.7905396 -0.1786144 0.0616075 -0.0074828 -0.6239511 -0.0016028 0.7814260
205.235495 0.7815960 -0.1716571 0.1189159 0.0018582 -0.6402500 0.0064979 0.7681370
205.969318 0.7790442 -0.1750967 0.2351323 0.0013378 -0.7319013 0.0077170 0.6813656
206.603104 0.8033727 -0.1925480 0.3420162 -0.0236747 0.8094631 0.0250682 -0.5861576
207.337036 0.8088078 -0.1916752 0.3747100 -0.0136764 0.8787726 0.0278633 -0.4762303
208.137642 0.8212587 -0.1905897 0.3519661 0.0117952 0.9472492 0.0033057 -0.3202640
209.038262 0.8148300 -0.1884513 0.3438957 -0.0008694 0.9979129 -0.0044047 -0.0644173
209.738709 0.8047242 -0.1895724 0.3530143 -0.0103369 0.9992741 0.0064327 0.0360987
210.872860 0.8123526 -0.1912551 0.3566648 0.0027334 0.9928027 0.0367043 0.1139650
211.740267 0.8111665 -0.1243970 0.2738749 -0.0079911 0.9770409 0.0248681 0.2114442
212.374004 0.8138667 -0.1039771 0.1840737 0.0008808 0.9184734 0.0205663 0.3949469
213.074565 0.8213198 -0.0948835 0.0795576 0.0093588 0.8069658 0.0093669 0.5904497
213.741761 0.8180183 -0.0918418 -0.0230626 0.0095414 0.6848712 0.0066232 0.7285717
214.275443 0.8130997 -0.0900141 -0.1060616 0.0073294 0.5944599 0.0049979 0.8040763
214.842483 0.8034831 -0.0914087 -0.1929896 0.0045437 0.4272033 0.0086500 0.9041028
215.342813 0.7835876 -0.0939322 -0.2623025 0.0016673 0.2098129 0.0002646 0.9777401
215.743098 0.7892200 -0.1039715 -0.3429432 -0.0061546 0.0143909 0.0040362 0.9998693
216.009967 0.7888737 -0.1005108 -0.3887021 -0.0173970 -0.0442866 0.0050853 0.9988545
216.310195 0.7881313 -0.0939855 -0.4307156 -0.0426707 -0.0907514 0.0111814 0.9948962
216.677132 0.7877822 -0.0897017 -0.4576356 -0.0461067 -0.1331657 0.0146406 0.9899125
218.044788 0.7898083 -0.0806908 -0.4290975 0.0158216 -0.2307512 0.0058372 0.9728667
218.845399 0.7889559 -0.0801519 -0.4345410 0.0068801 -0.3158613 0.0069886 0.9487547
219.379150 0.7897493 -0.0802793 -0.4433116 0.0014374 -0.3565658 0.0084950 0.9342305
219.946208 0.7886686 -0.0796067 -0.4478097 -0.0027679 -0.3735350 0.0103192 0.9275545
220.479891 0.7972015 -0.0861107 -0.4626702 -0.0005228 -0.4472959 0.0041224 0.8943764
221.046938 0.7728728 -0.0766070 -0.4298723 -0.0595749 -0.5718635 0.0321737 0.8175499
221.548568 0.7685040 -0.0844296 -0.3939016 0.0167160 0.6701729 -0.0164977 -0.7418334
222.185666 0.7487696 -0.0821528 -0.2975684 0.0047087 0.7167151 -0.0095851 -0.6972844
222.686625 0.7372445 -0.0818321 -0.2166827 0.0084774 0.7021611 -0.0017189 -0.7119657
223.153408 0.7339852 -0.0827741 -0.1400177 0.0085129 0.6600347 0.0073551 -0.7511508
223.720151 0.7225443 -0.0822375 -0.0536352 0.0044186 0.7040746 0.0045172 -0.7100980
225.120428 0.6669034 -0.0852797 0.1426556 0.0040818 0.7320793 -0.0010858 -0.6812063
225.820546 0.6361292 -0.0849337 0.2366105 -0.0038849 -0.7326528 -0.0111054 0.6805009
226.420653 0.6452281 -0.1039399 0.3541257 0.0065686 -0.7670089 -0.0175663 0.6413623
227.020824 0.5634641 -0.0770039 0.3293136 0.0607247 -0.7127245 -0.0315126 0.6980999
227.721042 0.5977821 -0.0909932 0.3707613 0.0069446 -0.7916070 -0.0046039 0.6109738
228.387957 0.6113650 -0.0895763 0.3408560 0.0211621 0.8784359 -0.0119730 -0.4772413
228.988794 0.6135974 -0.0894240 0.3414506 0.0111266 0.9500539 -0.0064827 -0.3118201
230.123465 0.6048655 -0.0908866 0.3658794 -0.0042954 0.9987535 0.0188496 -0.0460170
231.156971 0.6236249 -0.1159273 0.3544484 0.0265065 0.9646197 0.0675543 0.2534615
231.959467 0.6381087 -0.1822355 0.2598041 0.0191638 0.7571822 0.0071000 0.6528839
235.429406 0.5887293 -0.1848599 -0.2811779 0.0073489 0.5062830 0.0170199 0.8621681
236.162255 0.5885435 -0.1850508 -0.3874227 -0.0020596 0.3256012 0.0075054 0.9454752
238.128870 0.5852308 -0.1882090 -0.4372212 0.0011834 0.1444353 0.0100818 0.9894622
238.663477 0.5838749 -0.1878646 -0.4303553 0.0022150 0.0682861 0.0113820 0.9975984
239.096710 0.5813297 -0.1865821 -0.4322701 -0.0024527 -0.0312568 0.0123439 0.9994322
239.629865 0.5831740 -0.1854327 -0.4357846 -0.0009332 -0.1517302 0.0102192 0.9883687
240.296434 0.5840729 -0.1861109 -0.4348957 0.0079969 -0.2866133 0.0072415 0.9579856
241.196184 0.5818093 -0.2166514 -0.4312077 -0.0556355 -0.4761447 0.0392223 0.8767283
242.262492 0.5686364 -0.2598634 -0.2688789 0.0025187 -0.5581552 0.0209420 0.8294685
242.762407 0.5220618 -0.2410365 -0.2042933 0.0157352 -0.5463130 0.0184338 0.8372304
243.529339 0.5802039 -0.2801159 -0.0823041 0.0026626 -0.6278259 0.0117591 0.7782604
244.462448 0.5950875 -0.2913567 0.0517654 0.0046187 0.7667966 -0.0163939 -0.6416643
245.263157 0.6030720 -0.2923523 0.1619582 0.0078670 0.8323941 -0.0133964 -0.5539663
246.030450 0.6102428 -0.2923625 0.2688366 0.0123962 0.8749635 -0.0103463 -0.4839197
246.530634 0.6109313 -0.2927327 0.3368886 -0.0058214 0.9117460 0.0233271 -0.4100502
247.030614 0.6086110 -0.2925098 0.3728858 -0.0163178 0.9352502 0.0295654 -0.3523730
248.132447 0.6153270 -0.2958697 0.3555638 0.0081086 0.9810957 -0.0036325 -0.1933194
249.335105 0.6009024 -0.2977945 0.3536053 -0.0006457 0.9864458 0.0009063 -0.1640840
250.502351 0.6036959 -0.2969914 0.3571157 0.0015802 0.9996665 0.0002880 -0.0257766
251.669811 0.6083446 -0.3283987 0.2956634 0.0011131 0.9964268 0.0387699 0.0750291
252.470266 0.6101872 -0.3401763 0.1817065 0.0034787 0.9592590 0.0165508 0.2820216
253.203977 0.6052489 -0.3406490 0.0628829 -0.0014187 0.9401895 0.0104933 0.3404874
253.770933 0.5942521 -0.3397433 -0.0217299 -0.0053622 0.9129866 0.0194782 0.4074891
254.804878 0.5871968 -0.3401479 -0.1617455 0.0013212 0.7711002 0.0233869 0.6362828
255.638680 0.5977622 -0.3409445 -0.2779099 0.0139651 0.6285543 0.0167153 0.7774607
256.139072 0.6051765 -0.3396748 -0.3456426 0.0251175 0.5356062 0.0090779 0.8440455
256.672819 0.6060536 -0.3387150 -0.4183952 -0.0088141 0.4575033 -0.0049146 0.8891507
258.040275 0.5888767 -0.3422171 -0.4458327 0.0038366 0.3540357 0.0178600 0.9350535
258.740787 0.5871544 -0.3409230 -0.4250147 0.0221464 0.1984867 0.0127228 0.9797707
259.274942 0.5998253 -0.3418280 -0.4322801 0.0176667 0.1061023 0.0064913 0.9941771
259.842314 0.6006543 -0.3386535 -0.4408993 0.0043478 0.0532569 0.0074839 0.9985433
260.842905 0.5892932 -0.3379815 -0.4456371 -0.0032520 -0.1441364 0.0034073 0.9895467
261.743715 0.5272248 -0.2554080 -0.4035042 -0.0103607 -0.0001713 -0.0072344 0.9999202
262.511029 0.4367628 -0.2271765 -0.3494606 -0.0138773 -0.0392866 0.0002297 0.9991316
263.111867 0.3710575 -0.2190019 -0.2978161 -0.0082045 -0.0127104 -0.0058881 0.9998683
263.979633 0.2735338 -0.2141363 -0.2206181 -0.0076732 -0.0462138 -0.0062143 0.9988828
265.013648 0.1456138 -0.2137387 -0.1425102 -0.0214384 -0.0183023 0.0090626 0.9995615
265.647379 0.0722893 -0.2163291 -0.0894582 -0.0186160 0.0187583 0.0098146 0.9996026
266.647913 -0.0110915 -0.2213547 -0.0009345 0.0332451 -0.0011781 0.0360872 0.9987949
274.819505 0.0123872 -0.0784324 -0.0330574 0.0083183 0.0004145 0.0032561 0.9999600
275.987082 0.0324485 -0.0023302 -0.0473748 -0.0012234 0.0475922 -0.0052393 0.9988524
281.058294 0.0324384 -0.0022011 -0.0476652 -0.0010624 0.0474025 -0.0053092 0.9988612
